0.098	239.976	0.123801
0.296	239.926	0.126371
0.496	239.876	0.121847
0.696	239.826	0.122345
0.896	239.776	0.124085
1.096	239.726	0.124156
1.296	239.676	0.123103
1.496	239.626	0.126631
1.696	239.576	0.126477
1.896	239.526	0.124677
2.096	239.476	0.120308
2.296	239.426	0.123872
2.496	239.376	0.123351
2.696	239.326	0.123552
2.896	239.276	0.126146
3.096	239.226	0.12347
3.296	239.176	0.1254
3.496	239.126	0.126986
3.696	239.076	0.123244
3.896	239.026	0.12688
4.096	238.976	0.125447
4.296	238.926	0.124867
4.496	238.876	0.129213
4.696	238.826	0.124547
4.896	238.776	0.127034
5.096	238.726	0.12386
5.296	238.676	0.124334
5.496	238.626	0.122108
5.696	238.576	0.124571
5.896	238.526	0.125281
6.096	238.476	0.12206
6.296	238.426	0.128905
6.496	238.376	0.1245
6.696	238.326	0.123884
6.896	238.276	0.125163
7.096	238.226	0.128917
7.296	238.176	0.123245
7.496	238.126	0.121847
7.696	238.076	0.121693
7.896	238.026	0.126998
8.096	237.976	0.127247
8.296	237.926	0.124393
8.496	237.876	0.127401
8.696	237.826	0.123043
8.896	237.776	0.127152
9.096	237.726	0.127401
9.296	237.676	0.127792
9.496	237.626	0.127744
9.696	237.576	0.124512
9.896	237.526	0.124772
10.096	237.476	0.124843
10.296	237.426	0.129035
10.496	237.376	0.123683
10.696	237.326	0.122735
10.896	237.276	0.126193
11.096	237.226	0.124772
11.296	237.176	0.128609
11.496	237.126	0.126773
11.696	237.076	0.12283
11.896	237.026	0.125921
12.096	236.976	0.126276
12.296	236.926	0.125506
12.496	236.876	0.129497
12.696	236.826	0.129793
12.896	236.776	0.126288
13.096	236.726	0.126323
13.296	236.676	0.1254
13.496	236.626	0.127306
13.696	236.576	0.12881
13.896	236.526	0.12791
14.096	236.476	0.127567
14.296	236.426	0.125506
14.496	236.376	0.126075
14.696	236.326	0.127235
14.896	236.276	0.125447
15.096	236.226	0.127282
15.296	236.176	0.12611
15.496	236.126	0.127128
15.696	236.076	0.126631
15.896	236.026	0.125293
16.096	235.976	0.122818
16.296	235.926	0.128751
16.496	235.876	0.123931
16.696	235.826	0.125494
16.896	235.776	0.12553
17.096	235.726	0.125483
17.296	235.676	0.127898
17.496	235.626	0.127507
17.696	235.576	0.128431
17.896	235.526	0.129248
18.096	235.476	0.125861
18.296	235.426	0.128846
18.496	235.376	0.124784
18.696	235.326	0.128549
18.896	235.276	0.128419
19.096	235.226	0.129722
19.296	235.176	0.13003
19.496	235.126	0.128419
19.696	235.076	0.12746
19.896	235.026	0.130314
20.096	234.976	0.133286
20.296	234.926	0.130847
20.496	234.876	0.130894
20.696	234.826	0.130409
20.896	234.776	0.129343
21.096	234.726	0.129793
21.296	234.676	0.129793
21.496	234.626	0.130551
21.696	234.576	0.13177
21.896	234.526	0.1337
22.096	234.476	0.126679
22.296	234.426	0.127957
22.496	234.376	0.133203
22.696	234.326	0.124109
22.896	234.276	0.128727
23.096	234.226	0.126205
23.296	234.176	0.126821
23.496	234.126	0.131356
23.696	234.076	0.129295
23.896	234.026	0.129497
24.096	233.976	0.131498
24.296	233.926	0.131676
24.496	233.876	0.13241
24.696	233.826	0.129568
24.896	233.776	0.129592
25.096	233.726	0.128289
25.296	233.676	0.129674
25.496	233.626	0.131344
25.696	233.576	0.131166
25.896	233.526	0.126525
26.096	233.476	0.127057
26.296	233.426	0.132303
26.496	233.376	0.131948
26.696	233.326	0.133771
26.896	233.276	0.133298
27.096	233.226	0.131498
27.296	233.176	0.13042
27.496	233.126	0.129438
27.696	233.076	0.12585
27.896	233.026	0.1364
28.096	232.976	0.131486
28.296	232.926	0.131249
28.496	232.876	0.126371
28.696	232.826	0.129461
28.896	232.776	0.133049
29.096	232.726	0.132954
29.296	232.676	0.130231
29.496	232.626	0.130776
29.696	232.576	0.132552
29.896	232.526	0.131095
30.096	232.476	0.137241
30.296	232.426	0.139479
30.496	232.376	0.146442
30.696	232.326	0.137762
30.896	232.276	0.135619
31.096	232.226	0.139455
31.296	232.176	0.141397
31.496	232.126	0.132457
31.696	232.076	0.133523
31.896	232.026	0.131605
32.096	231.976	0.132694
32.296	231.926	0.13749
32.496	231.876	0.130468
32.696	231.826	0.131119
32.896	231.776	0.129426
33.096	231.726	0.131048
33.296	231.676	0.135856
33.496	231.626	0.129378
33.696	231.576	0.137738
33.896	231.526	0.133843
34.096	231.476	0.133025
34.296	231.426	0.133251
34.496	231.376	0.131711
34.696	231.326	0.131474
34.896	231.276	0.129106
35.096	231.226	0.13183
35.296	231.176	0.130965
35.496	231.126	0.130633
35.696	231.076	0.134458
35.896	231.026	0.137786
36.096	230.976	0.133689
36.296	230.926	0.131368
36.496	230.876	0.132528
36.696	230.826	0.128514
36.896	230.776	0.136246
37.096	230.726	0.130349
37.296	230.676	0.133783
37.496	230.626	0.134423
37.696	230.576	0.137407
37.896	230.526	0.132173
38.096	230.476	0.135571
38.296	230.426	0.131581
38.496	230.376	0.136199
38.696	230.326	0.132812
38.896	230.276	0.133239
39.096	230.226	0.135962
39.296	230.176	0.136424
39.496	230.126	0.133499
39.696	230.076	0.138508
39.896	230.026	0.13389
40.096	229.976	0.133831
40.296	229.926	0.13775
40.496	229.876	0.133843
40.696	229.826	0.135406
40.896	229.776	0.140888
41.096	229.726	0.132647
41.296	229.676	0.136909
41.496	229.626	0.131249
41.696	229.576	0.134695
41.896	229.526	0.138046
42.096	229.476	0.140663
42.296	229.426	0.135737
42.496	229.376	0.137655
42.696	229.326	0.135832
42.896	229.276	0.131829
43.096	229.226	0.134612
43.296	229.176	0.133914
43.496	229.126	0.140805
43.696	229.076	0.139905
43.896	229.026	0.130799
44.096	228.976	0.136057
44.296	228.926	0.131297
44.496	228.876	0.13569
44.696	228.826	0.144014
44.896	228.776	0.137632
45.096	228.726	0.136507
45.296	228.676	0.140332
45.496	228.626	0.133179
45.696	228.576	0.139799
45.896	228.526	0.136969
46.096	228.476	0.13807
46.296	228.426	0.136602
46.496	228.376	0.134518
46.696	228.326	0.13762
46.896	228.276	0.136945
47.096	228.226	0.139645
47.296	228.176	0.138958
47.496	228.126	0.134896
47.696	228.076	0.135927
47.896	228.026	0.134056
48.096	227.976	0.136305
48.296	227.926	0.137904
48.496	227.876	0.13749
48.696	227.826	0.147448
48.896	227.776	0.147164
49.096	227.726	0.139787
49.296	227.676	0.138165
49.496	227.626	0.138674
49.696	227.576	0.136377
49.896	227.526	0.136909
50.096	227.476	0.140841
50.296	227.426	0.141989
50.496	227.376	0.137253
50.696	227.326	0.140296
50.896	227.276	0.139763
51.096	227.226	0.14347
51.296	227.176	0.140213
51.496	227.126	0.131557
51.696	227.076	0.141575
51.896	227.026	0.138082
52.096	226.976	0.137892
52.296	226.926	0.144263
52.496	226.876	0.146252
52.696	226.826	0.13672
52.896	226.776	0.147922
53.096	226.726	0.13788
53.296	226.676	0.140332
53.496	226.626	0.134991
53.696	226.576	0.142262
53.896	226.526	0.14341
54.096	226.476	0.138117
54.296	226.426	0.135098
54.496	226.376	0.145115
54.696	226.326	0.141196
54.896	226.276	0.140036
55.096	226.226	0.140758
55.296	226.176	0.147697
55.496	226.126	0.14823
55.696	226.076	0.154423
55.896	226.026	0.15794
56.096	225.976	0.150338
56.296	225.926	0.188017
56.496	225.876	0.225411
56.696	225.826	0.259917
56.896	225.776	0.28791
57.096	225.726	0.29537
57.296	225.676	0.294896
57.496	225.626	0.291048
57.696	225.576	0.295678
57.896	225.526	0.293629
58.096	225.476	0.289509
58.296	225.426	0.291202
58.496	225.376	0.291344
58.696	225.326	0.28952
58.896	225.276	0.291226
59.096	225.226	0.291439
59.296	225.176	0.290053
59.496	225.126	0.294589
59.696	225.076	0.289722
59.896	225.026	0.295536
