0.098	239.976	0.118389
0.296	239.926	0.109347
0.496	239.876	0.114278
0.696	239.826	0.116417
0.896	239.776	0.117708
1.096	239.726	0.116736
1.296	239.676	0.112597
1.496	239.626	0.111889
1.696	239.576	0.117806
1.896	239.526	0.119194
2.096	239.476	0.110347
2.296	239.426	0.116042
2.496	239.376	0.112875
2.696	239.326	0.116792
2.896	239.276	0.115792
3.096	239.226	0.113083
3.296	239.176	0.117611
3.496	239.126	0.116472
3.696	239.076	0.11075
3.896	239.026	0.116431
4.096	238.976	0.120375
4.296	238.926	0.116472
4.496	238.876	0.117153
4.696	238.826	0.116569
4.896	238.776	0.117431
5.096	238.726	0.112778
5.296	238.676	0.117431
5.496	238.626	0.113458
5.696	238.576	0.113236
5.896	238.526	0.114111
6.096	238.476	0.117625
6.296	238.426	0.117806
6.496	238.376	0.114292
6.696	238.326	0.110167
6.896	238.276	0.114333
7.096	238.226	0.114931
7.296	238.176	0.116917
7.496	238.126	0.113639
7.696	238.076	0.110819
7.896	238.026	0.117694
8.096	237.976	0.118917
8.296	237.926	0.112695
8.496	237.876	0.119111
8.696	237.826	0.1205
8.896	237.776	0.119361
9.096	237.726	0.115
9.296	237.676	0.1225
9.496	237.626	0.117653
9.696	237.576	0.118319
9.896	237.526	0.112792
10.096	237.476	0.113708
10.296	237.426	0.115903
10.496	237.376	0.120569
10.696	237.326	0.117736
10.896	237.276	0.119889
11.096	237.226	0.117069
11.296	237.176	0.121
11.496	237.126	0.121167
11.696	237.076	0.112264
11.896	237.026	0.121167
12.096	236.976	0.124694
12.296	236.926	0.122708
12.496	236.876	0.132917
12.696	236.826	0.130458
12.896	236.776	0.125375
13.096	236.726	0.121
13.296	236.676	0.124569
13.496	236.626	0.127555
13.696	236.576	0.11775
13.896	236.526	0.120556
14.096	236.476	0.125056
14.296	236.426	0.129611
14.496	236.376	0.124569
14.696	236.326	0.122667
14.896	236.276	0.122056
15.096	236.226	0.115014
15.296	236.176	0.118014
15.496	236.126	0.115694
15.696	236.076	0.117764
15.896	236.026	0.121153
16.096	235.976	0.123055
16.296	235.926	0.118847
16.496	235.876	0.120167
16.696	235.826	0.123486
16.896	235.776	0.129236
17.096	235.726	0.127153
17.296	235.676	0.116319
17.496	235.626	0.119528
17.696	235.576	0.126444
17.896	235.526	0.11682
18.096	235.476	0.115806
18.296	235.426	0.126806
18.496	235.376	0.120417
18.696	235.326	0.122292
18.896	235.276	0.125167
19.096	235.226	0.11325
19.296	235.176	0.119125
19.496	235.126	0.117972
19.696	235.076	0.1185
19.896	235.026	0.139347
20.096	234.976	0.132417
20.296	234.926	0.120583
20.496	234.876	0.119847
20.696	234.826	0.140236
20.896	234.776	0.30275
21.096	234.726	0.488722
21.296	234.676	0.545764
21.496	234.626	0.559056
21.696	234.576	0.559958
21.896	234.526	0.560292
22.096	234.476	0.562111
22.296	234.426	0.565083
22.496	234.376	0.5665
22.696	234.326	0.563583
22.896	234.276	0.561583
23.096	234.226	0.563889
23.296	234.176	0.5625
23.496	234.126	0.559208
23.696	234.076	0.564083
23.896	234.026	0.568778
24.096	233.976	0.565667
24.296	233.926	0.572528
24.496	233.876	0.569208
24.696	233.826	0.55975
24.896	233.776	0.564236
25.096	233.726	0.567792
25.296	233.676	0.566236
25.496	233.626	0.566417
25.696	233.576	0.569
25.896	233.526	0.568292
26.096	233.476	0.573444
26.296	233.426	0.573569
26.496	233.376	0.570319
26.696	233.326	0.571708
26.896	233.276	0.572292
27.096	233.226	0.563917
27.296	233.176	0.565986
27.496	233.126	0.564639
27.696	233.076	0.5635
27.896	233.026	0.565167
28.096	232.976	0.574806
28.296	232.926	0.571361
28.496	232.876	0.570194
28.696	232.826	0.572639
28.896	232.776	0.570708
29.096	232.726	0.572278
29.296	232.676	0.571875
29.496	232.626	0.571611
29.696	232.576	0.570403
29.896	232.526	0.572569
30.096	232.476	0.565222
30.296	232.426	0.566806
30.496	232.376	0.569153
30.696	232.326	0.568431
30.896	232.276	0.566875
31.096	232.226	0.571458
31.296	232.176	0.571875
31.496	232.126	0.571236
31.696	232.076	0.570944
31.896	232.026	0.568389
32.096	231.976	0.566667
32.296	231.926	0.573361
32.496	231.876	0.569
32.696	231.826	0.571056
32.896	231.776	0.572056
33.096	231.726	0.572653
33.296	231.676	0.571472
33.496	231.626	0.569278
33.696	231.576	0.567722
33.896	231.526	0.566944
34.096	231.476	0.568875
34.296	231.426	0.567278
34.496	231.376	0.571208
34.696	231.326	0.573347
34.896	231.276	0.566639
35.096	231.226	0.562944
35.296	231.176	0.572944
35.496	231.126	0.573389
35.696	231.076	0.574792
35.896	231.026	0.576528
36.096	230.976	0.571583
36.296	230.926	0.574264
36.496	230.876	0.576792
36.696	230.826	0.574972
36.896	230.776	0.578736
37.096	230.726	0.573792
37.296	230.676	0.578903
37.496	230.626	0.572611
37.696	230.576	0.575694
37.896	230.526	0.575125
38.096	230.476	0.575097
38.296	230.426	0.572819
38.496	230.376	0.569917
38.696	230.326	0.573069
38.896	230.276	0.571583
39.096	230.226	0.578403
39.296	230.176	0.575722
39.496	230.126	0.574153
39.696	230.076	0.577569
39.896	230.026	0.576
40.096	229.976	0.573611
40.296	229.926	0.574736
40.496	229.876	0.572667
40.696	229.826	0.573639
40.896	229.776	0.572917
41.096	229.726	0.571444
41.296	229.676	0.570847
41.496	229.626	0.567722
41.696	229.576	0.564431
41.896	229.526	0.56818
42.096	229.476	0.570542
42.296	229.426	0.572028
42.496	229.376	0.57775
42.696	229.326	0.577958
42.896	229.276	0.577194
43.096	229.226	0.573833
43.296	229.176	0.577764
43.496	229.126	0.573055
43.696	229.076	0.573278
43.896	229.026	0.573736
44.096	228.976	0.571319
44.296	228.926	0.575319
44.496	228.876	0.573444
44.696	228.826	0.573139
44.896	228.776	0.572653
45.096	228.726	0.569583
45.296	228.676	0.565597
45.496	228.626	0.569806
45.696	228.576	0.571667
45.896	228.526	0.574278
46.096	228.476	0.571153
46.296	228.426	0.573
46.496	228.376	0.573292
46.696	228.326	0.574958
46.896	228.276	0.570264
47.096	228.226	0.573694
47.296	228.176	0.575542
47.496	228.126	0.576445
47.696	228.076	0.576069
47.896	228.026	0.57543
48.096	227.976	0.576903
48.296	227.926	0.576556
48.496	227.876	0.580319
48.696	227.826	0.57975
48.896	227.776	0.5795
49.096	227.726	0.573167
49.296	227.676	0.575833
49.496	227.626	0.574097
49.696	227.576	0.572694
49.896	227.526	0.573944
50.096	227.476	0.577583
50.296	227.426	0.578542
50.496	227.376	0.580292
50.696	227.326	0.577486
50.896	227.276	0.572611
51.096	227.226	0.569069
51.296	227.176	0.567319
51.496	227.126	0.573208
51.696	227.076	0.572208
51.896	227.026	0.576472
