0.098	239.976	0.135472
0.296	239.926	0.136887
0.496	239.876	0.139581
0.696	239.826	0.136974
0.896	239.776	0.13533
1.096	239.726	0.135456
1.296	239.676	0.135772
1.496	239.626	0.136254
1.696	239.576	0.135575
1.896	239.526	0.132264
2.096	239.476	0.138024
2.296	239.426	0.133615
2.496	239.376	0.13774
2.696	239.326	0.133441
2.896	239.276	0.135741
3.096	239.226	0.138506
3.296	239.176	0.138341
3.496	239.126	0.137574
3.696	239.076	0.133599
3.896	239.026	0.135851
4.096	238.976	0.13631
4.296	238.926	0.134635
4.496	238.876	0.138404
4.696	238.826	0.135496
4.896	238.776	0.136183
5.096	238.726	0.135109
5.296	238.676	0.143698
5.496	238.626	0.136982
5.696	238.576	0.136958
5.896	238.526	0.142505
6.096	238.476	0.138878
6.296	238.426	0.142331
6.496	238.376	0.14049
6.696	238.326	0.143698
6.896	238.276	0.138206
7.096	238.226	0.141312
7.296	238.176	0.13597
7.496	238.126	0.137116
7.696	238.076	0.136389
7.896	238.026	0.137622
8.096	237.976	0.136879
8.296	237.926	0.140909
8.496	237.876	0.143303
8.696	237.826	0.140229
8.896	237.776	0.137171
9.096	237.726	0.138325
9.296	237.676	0.139447
9.496	237.626	0.140008
9.696	237.576	0.138989
9.896	237.526	0.136721
10.096	237.476	0.142355
10.296	237.426	0.139818
10.496	237.376	0.140687
10.696	237.326	0.138135
10.896	237.276	0.13887
11.096	237.226	0.142292
11.296	237.176	0.137203
11.496	237.126	0.14064
11.696	237.076	0.1432
11.896	237.026	0.14098
12.096	236.976	0.14207
12.296	236.926	0.139581
12.496	236.876	0.143445
12.696	236.826	0.144473
12.896	236.776	0.137369
13.096	236.726	0.138507
13.296	236.676	0.138791
13.496	236.626	0.145342
13.696	236.576	0.14222
13.896	236.526	0.142782
14.096	236.476	0.140261
14.296	236.426	0.144125
14.496	236.376	0.139502
14.696	236.326	0.141723
14.896	236.276	0.143627
15.096	236.226	0.140735
15.296	236.176	0.142149
15.496	236.126	0.140695
15.696	236.076	0.14644
15.896	236.026	0.145871
16.096	235.976	0.146322
16.296	235.926	0.144654
16.496	235.876	0.14369
16.696	235.826	0.14772
16.896	235.776	0.140806
17.096	235.726	0.146495
17.296	235.676	0.138949
17.496	235.626	0.144955
17.696	235.576	0.142529
17.896	235.526	0.146725
18.096	235.476	0.145508
18.296	235.426	0.145231
18.496	235.376	0.14437
18.696	235.326	0.141154
18.896	235.276	0.146891
19.096	235.226	0.151553
19.296	235.176	0.141999
19.496	235.126	0.145144
19.696	235.076	0.145437
19.896	235.026	0.14437
20.096	234.976	0.142821
20.296	234.926	0.144133
20.496	234.876	0.148297
20.696	234.826	0.148115
20.896	234.776	0.145152
21.096	234.726	0.143192
21.296	234.676	0.143485
21.496	234.626	0.141288
21.696	234.576	0.143382
21.896	234.526	0.142592
22.096	234.476	0.148439
22.296	234.426	0.143651
22.496	234.376	0.14531
22.696	234.326	0.145057
22.896	234.276	0.149877
23.096	234.226	0.147151
23.296	234.176	0.143374
23.496	234.126	0.14512
23.696	234.076	0.146424
23.896	234.026	0.143208
24.096	233.976	0.142181
24.296	233.926	0.143682
24.496	233.876	0.149846
24.696	233.826	0.149071
24.896	233.776	0.14934
25.096	233.726	0.148076
25.296	233.676	0.146456
25.496	233.626	0.149064
25.696	233.576	0.147649
25.896	233.526	0.145326
26.096	233.476	0.148376
26.296	233.426	0.147349
26.496	233.376	0.148368
26.696	233.326	0.149996
26.896	233.276	0.143066
27.096	233.226	0.150929
27.296	233.176	0.149601
27.496	233.126	0.1455
27.696	233.076	0.144512
27.896	233.026	0.146922
28.096	232.976	0.16192
28.296	232.926	0.150075
28.496	232.876	0.146646
28.696	232.826	0.146156
28.896	232.776	0.14565
29.096	232.726	0.148629
29.296	232.676	0.146416
29.496	232.626	0.14761
29.696	232.576	0.146393
29.896	232.526	0.142134
30.096	232.476	0.149095
30.296	232.426	0.151047
30.496	232.376	0.150557
30.696	232.326	0.145792
30.896	232.276	0.151087
31.096	232.226	0.150565
31.296	232.176	0.14885
31.496	232.126	0.142228
31.696	232.076	0.148305
31.896	232.026	0.143422
32.096	231.976	0.157732
32.296	231.926	0.151798
32.496	231.876	0.150249
32.696	231.826	0.151719
32.896	231.776	0.170826
33.096	231.726	0.172106
33.296	231.676	0.17842
33.496	231.626	0.188661
33.696	231.576	0.225018
33.896	231.526	0.249103
34.096	231.476	0.295037
34.296	231.426	0.353481
34.496	231.376	0.420435
34.696	231.326	0.4632
34.896	231.276	0.474326
35.096	231.226	0.482529
35.296	231.176	0.48712
35.496	231.126	0.499502
35.696	231.076	0.501193
35.896	231.026	0.501754
36.096	230.976	0.503026
36.296	230.926	0.502458
36.496	230.876	0.503019
36.696	230.826	0.50633
36.896	230.776	0.506788
37.096	230.726	0.518333
37.296	230.676	0.522465
37.496	230.626	0.521256
37.696	230.576	0.516713
37.896	230.526	0.51804
38.096	230.476	0.516958
38.296	230.426	0.522244
38.496	230.376	0.519534
38.696	230.326	0.522244
38.896	230.276	0.521225
39.096	230.226	0.52034
39.296	230.176	0.51842
39.496	230.126	0.523611
39.696	230.076	0.526622
39.896	230.026	0.525207
40.096	229.976	0.526298
40.296	229.926	0.525452
40.496	229.876	0.521889
40.696	229.826	0.524054
40.896	229.776	0.525824
41.096	229.726	0.528266
41.296	229.676	0.526416
41.496	229.626	0.525294
41.696	229.576	0.526543
41.896	229.526	0.529316
42.096	229.476	0.527286
42.296	229.426	0.523279
42.496	229.376	0.523003
42.696	229.326	0.527997
42.896	229.276	0.526733
43.096	229.226	0.527444
43.296	229.176	0.529182
43.496	229.126	0.528258
43.696	229.076	0.527412
43.896	229.026	0.521968
44.096	228.976	0.517748
44.296	228.926	0.521699
44.496	228.876	0.522584
44.696	228.826	0.522758
44.896	228.776	0.523414
45.096	228.726	0.526811
45.296	228.676	0.526851
45.496	228.626	0.522552
45.696	228.576	0.524907
45.896	228.526	0.519439
46.096	228.476	0.522979
46.296	228.426	0.522671
46.496	228.376	0.528147
46.696	228.326	0.530976
46.896	228.276	0.532525
47.096	228.226	0.527199
47.296	228.176	0.530731
47.496	228.126	0.528005
47.696	228.076	0.527863
47.896	228.026	0.529522
48.096	227.976	0.530589
48.296	227.926	0.529475
48.496	227.876	0.524899
48.696	227.826	0.528676
48.896	227.776	0.523722
49.096	227.726	0.526203
49.296	227.676	0.527317
49.496	227.626	0.52388
49.696	227.576	0.524472
49.896	227.526	0.525539
50.096	227.476	0.528345
50.296	227.426	0.530146
50.496	227.376	0.526804
50.696	227.326	0.528629
50.896	227.276	0.52806
51.096	227.226	0.522529
51.296	227.176	0.52403
51.496	227.126	0.525958
51.696	227.076	0.525721
51.896	227.026	0.530004
