0.098	239.976	0.112583
0.296	239.926	0.114514
0.496	239.876	0.111875
0.696	239.826	0.112667
0.896	239.776	0.119736
1.096	239.726	0.115944
1.296	239.676	0.114486
1.496	239.626	0.115681
1.696	239.576	0.117542
1.896	239.526	0.114417
2.096	239.476	0.119708
2.296	239.426	0.116014
2.496	239.376	0.110861
2.696	239.326	0.117805
2.896	239.276	0.116403
3.096	239.226	0.119736
3.296	239.176	0.117694
3.496	239.126	0.113514
3.696	239.076	0.111833
3.896	239.026	0.119389
4.096	238.976	0.115778
4.296	238.926	0.114181
4.496	238.876	0.118069
4.696	238.826	0.115764
4.896	238.776	0.118167
5.096	238.726	0.118111
5.296	238.676	0.118417
5.496	238.626	0.113736
5.696	238.576	0.112931
5.896	238.526	0.116181
6.096	238.476	0.124222
6.296	238.426	0.145139
6.496	238.376	0.127208
6.696	238.326	0.112194
6.896	238.276	0.115431
7.096	238.226	0.121611
7.296	238.176	0.115875
7.496	238.126	0.117667
7.696	238.076	0.111708
7.896	238.026	0.119514
8.096	237.976	0.116194
8.296	237.926	0.116389
8.496	237.876	0.121028
8.696	237.826	0.118305
8.896	237.776	0.114972
9.096	237.726	0.119625
9.296	237.676	0.117056
9.496	237.626	0.117847
9.696	237.576	0.117139
9.896	237.526	0.119444
10.096	237.476	0.115292
10.296	237.426	0.117681
10.496	237.376	0.118264
10.696	237.326	0.118125
10.896	237.276	0.119444
11.096	237.226	0.114361
11.296	237.176	0.123153
11.496	237.126	0.117389
11.696	237.076	0.117514
11.896	237.026	0.116681
12.096	236.976	0.121139
12.296	236.926	0.119597
12.496	236.876	0.121944
12.696	236.826	0.119319
12.896	236.776	0.117486
13.096	236.726	0.124264
13.296	236.676	0.119556
13.496	236.626	0.11925
13.696	236.576	0.121083
13.896	236.526	0.114347
14.096	236.476	0.125
14.296	236.426	0.116486
14.496	236.376	0.120958
14.696	236.326	0.119931
14.896	236.276	0.113833
15.096	236.226	0.119458
15.296	236.176	0.124319
15.496	236.126	0.120028
15.696	236.076	0.127056
15.896	236.026	0.118042
16.096	235.976	0.115667
16.296	235.926	0.123681
16.496	235.876	0.131681
16.696	235.826	0.113194
16.896	235.776	0.111542
17.096	235.726	0.115069
17.296	235.676	0.122472
17.496	235.626	0.119958
17.696	235.576	0.123583
17.896	235.526	0.115569
18.096	235.476	0.119944
18.296	235.426	0.127361
18.496	235.376	0.128347
18.696	235.326	0.123472
18.896	235.276	0.125222
19.096	235.226	0.123806
19.296	235.176	0.120861
19.496	235.126	0.120556
19.696	235.076	0.123875
19.896	235.026	0.120764
20.096	234.976	0.119833
20.296	234.926	0.1265
20.496	234.876	0.132903
20.696	234.826	0.122792
20.896	234.776	0.120639
21.096	234.726	0.125778
21.296	234.676	0.120458
21.496	234.626	0.119875
21.696	234.576	0.12582
21.896	234.526	0.124264
22.096	234.476	0.119861
22.296	234.426	0.128542
22.496	234.376	0.119167
22.696	234.326	0.126944
22.896	234.276	0.128458
23.096	234.226	0.126625
23.296	234.176	0.125514
23.496	234.126	0.124417
23.696	234.076	0.129514
23.896	234.026	0.127722
24.096	233.976	0.133403
24.296	233.926	0.125986
24.496	233.876	0.131875
24.696	233.826	0.134028
24.896	233.776	0.129069
25.096	233.726	0.135264
25.296	233.676	0.129222
25.496	233.626	0.117361
25.696	233.576	0.123764
25.896	233.526	0.119028
26.096	233.476	0.124306
26.296	233.426	0.126708
26.496	233.376	0.128236
26.696	233.326	0.13025
26.896	233.276	0.124333
27.096	233.226	0.128111
27.296	233.176	0.131403
27.496	233.126	0.126528
27.696	233.076	0.131347
27.896	233.026	0.123806
28.096	232.976	0.124125
28.296	232.926	0.133917
28.496	232.876	0.131694
28.696	232.826	0.122486
28.896	232.776	0.126333
29.096	232.726	0.120778
29.296	232.676	0.122056
29.496	232.626	0.130458
29.696	232.576	0.128111
29.896	232.526	0.181722
30.096	232.476	0.24175
30.296	232.426	0.432639
30.496	232.376	0.524569
30.696	232.326	0.558708
30.896	232.276	0.563431
31.096	232.226	0.55982
31.296	232.176	0.563194
31.496	232.126	0.564181
31.696	232.076	0.564639
31.896	232.026	0.560361
32.096	231.976	0.558542
32.296	231.926	0.558347
32.496	231.876	0.559403
32.696	231.826	0.557653
32.896	231.776	0.562819
33.096	231.726	0.563222
33.296	231.676	0.567375
33.496	231.626	0.567333
33.696	231.576	0.565319
33.896	231.526	0.566556
34.096	231.476	0.561958
34.296	231.426	0.566986
34.496	231.376	0.563361
34.696	231.326	0.562944
34.896	231.276	0.562889
35.096	231.226	0.562208
35.296	231.176	0.56675
35.496	231.126	0.564056
35.696	231.076	0.569472
35.896	231.026	0.566181
36.096	230.976	0.566083
36.296	230.926	0.564444
36.496	230.876	0.566708
36.696	230.826	0.567083
36.896	230.776	0.563014
37.096	230.726	0.570083
37.296	230.676	0.567056
37.496	230.626	0.564278
37.696	230.576	0.563764
37.896	230.526	0.563347
38.096	230.476	0.568708
38.296	230.426	0.566139
38.496	230.376	0.566333
38.696	230.326	0.5635
38.896	230.276	0.563972
39.096	230.226	0.564792
39.296	230.176	0.563278
39.496	230.126	0.561375
39.696	230.076	0.565583
39.896	230.026	0.570514
40.096	229.976	0.564528
40.296	229.926	0.567528
40.496	229.876	0.566181
40.696	229.826	0.564486
40.896	229.776	0.561875
41.096	229.726	0.562736
41.296	229.676	0.568861
41.496	229.626	0.568375
41.696	229.576	0.565792
41.896	229.526	0.565931
42.096	229.476	0.562069
42.296	229.426	0.567389
42.496	229.376	0.57132
42.696	229.326	0.561139
42.896	229.276	0.562056
43.096	229.226	0.564625
43.296	229.176	0.568944
43.496	229.126	0.565486
43.696	229.076	0.5665
43.896	229.026	0.568861
44.096	228.976	0.566111
44.296	228.926	0.566486
44.496	228.876	0.559556
44.696	228.826	0.559806
44.896	228.776	0.562875
45.096	228.726	0.563528
45.296	228.676	0.564194
45.496	228.626	0.563305
45.696	228.576	0.561889
45.896	228.526	0.563083
46.096	228.476	0.559236
46.296	228.426	0.562903
46.496	228.376	0.565
46.696	228.326	0.566972
46.896	228.276	0.566694
47.096	228.226	0.564667
47.296	228.176	0.571208
47.496	228.126	0.568181
47.696	228.076	0.569625
47.896	228.026	0.571903
48.096	227.976	0.575028
48.296	227.926	0.578208
48.496	227.876	0.574792
48.696	227.826	0.570653
48.896	227.776	0.567556
49.096	227.726	0.566403
49.296	227.676	0.5675
49.496	227.626	0.568639
49.696	227.576	0.574125
49.896	227.526	0.566153
50.096	227.476	0.567875
50.296	227.426	0.568403
50.496	227.376	0.571722
50.696	227.326	0.568014
50.896	227.276	0.562847
51.096	227.226	0.5695
51.296	227.176	0.577181
51.496	227.126	0.572694
51.696	227.076	0.575764
51.896	227.026	0.566444
