0.098	239.976	0.145155
0.296	239.926	0.144354
0.496	239.876	0.14538
0.696	239.826	0.141556
0.896	239.776	0.149078
1.096	239.726	0.144543
1.296	239.676	0.14323
1.496	239.626	0.140702
1.696	239.576	0.143329
1.896	239.526	0.144328
2.096	239.476	0.141709
2.296	239.426	0.144274
2.496	239.376	0.146028
2.696	239.326	0.143473
2.896	239.276	0.139919
3.096	239.226	0.1504
3.296	239.176	0.143293
3.496	239.126	0.147674
3.696	239.076	0.144498
3.896	239.026	0.149411
4.096	238.976	0.146586
4.296	238.926	0.142762
4.496	238.876	0.143482
4.696	238.826	0.150121
4.896	238.776	0.145758
5.096	238.726	0.14359
5.296	238.676	0.147764
5.496	238.626	0.147099
5.696	238.576	0.149699
5.896	238.526	0.144076
6.096	238.476	0.149006
6.296	238.426	0.151327
6.496	238.376	0.150643
6.696	238.326	0.145704
6.896	238.276	0.149249
7.096	238.226	0.147395
7.296	238.176	0.146136
7.496	238.126	0.149672
7.696	238.076	0.145038
7.896	238.026	0.15094
8.096	237.976	0.151183
8.296	237.926	0.14341
8.496	237.876	0.144291
8.696	237.826	0.14493
8.896	237.776	0.148583
9.096	237.726	0.146163
9.296	237.676	0.149141
9.496	237.626	0.149942
9.696	237.576	0.147548
9.896	237.526	0.147593
10.096	237.476	0.149051
10.296	237.426	0.146451
10.496	237.376	0.149006
10.696	237.326	0.14861
10.896	237.276	0.148349
11.096	237.226	0.148673
11.296	237.176	0.150436
11.496	237.126	0.149879
11.696	237.076	0.148295
11.896	237.026	0.150463
12.096	236.976	0.149555
12.296	236.926	0.14897
12.496	236.876	0.146811
12.696	236.826	0.147197
12.896	236.776	0.148934
13.096	236.726	0.149438
13.296	236.676	0.150652
13.496	236.626	0.151291
13.696	236.576	0.153513
13.896	236.526	0.148754
14.096	236.476	0.153045
14.296	236.426	0.149375
14.496	236.376	0.156869
14.696	236.326	0.151075
14.896	236.276	0.148385
15.096	236.226	0.150113
15.296	236.176	0.15579
15.496	236.126	0.148853
15.696	236.076	0.147018
15.896	236.026	0.15552
16.096	235.976	0.151678
16.296	235.926	0.148691
16.496	235.876	0.154719
16.696	235.826	0.14933
16.896	235.776	0.153369
17.096	235.726	0.147935
17.296	235.676	0.14897
17.496	235.626	0.152524
17.696	235.576	0.153207
17.896	235.526	0.149798
18.096	235.476	0.156905
18.296	235.426	0.149878
18.496	235.376	0.149537
18.696	235.326	0.155403
18.896	235.276	0.154269
19.096	235.226	0.150976
19.296	235.176	0.156302
19.496	235.126	0.153315
19.696	235.076	0.151678
19.896	235.026	0.155214
20.096	234.976	0.159325
20.296	234.926	0.155169
20.496	234.876	0.160666
20.696	234.826	0.159217
20.896	234.776	0.153333
21.096	234.726	0.163212
21.296	234.676	0.16502
21.496	234.626	0.181988
21.696	234.576	0.218848
21.896	234.526	0.277463
22.096	234.476	0.306928
22.296	234.426	0.403761
22.496	234.376	0.510931
22.696	234.326	0.530787
22.896	234.276	0.540126
23.096	234.226	0.546577
23.296	234.176	0.547719
23.496	234.126	0.54906
23.696	234.076	0.558561
23.896	234.026	0.576689
24.096	233.976	0.592254
24.296	233.926	0.599928
24.496	233.876	0.598318
24.696	233.826	0.599235
24.896	233.776	0.605101
25.096	233.726	0.605452
25.296	233.676	0.603248
25.496	233.626	0.608898
25.696	233.576	0.604948
25.896	233.526	0.604121
26.096	233.476	0.607935
26.296	233.426	0.616239
26.496	233.376	0.614602
26.696	233.326	0.611894
26.896	233.276	0.619055
27.096	233.226	0.612947
27.296	233.176	0.615331
27.496	233.126	0.619559
27.696	233.076	0.613135
27.896	233.026	0.611255
28.096	232.976	0.612784
28.296	232.926	0.608457
28.496	232.876	0.606982
28.696	232.826	0.613207
28.896	232.776	0.612551
29.096	232.726	0.614845
29.296	232.676	0.613414
29.496	232.626	0.61139
29.696	232.576	0.609186
29.896	232.526	0.615079
30.096	232.476	0.613666
30.296	232.426	0.611813
30.496	232.376	0.611696
30.696	232.326	0.611795
30.896	232.276	0.604265
31.096	232.226	0.608619
31.296	232.176	0.616761
31.496	232.126	0.616914
31.696	232.076	0.619082
31.896	232.026	0.61973
32.096	231.976	0.62081
32.296	231.926	0.616644
32.496	231.876	0.615682
32.696	231.826	0.614053
32.896	231.776	0.618228
33.096	231.726	0.618381
33.296	231.676	0.621448
33.496	231.626	0.619001
33.696	231.576	0.620657
33.896	231.526	0.619037
34.096	231.476	0.621224
34.296	231.426	0.624714
34.496	231.376	0.626145
34.696	231.326	0.62421
34.896	231.276	0.622654
35.096	231.226	0.619091
35.296	231.176	0.622123
35.496	231.126	0.622636
35.696	231.076	0.62162
35.896	231.026	0.61677
36.096	230.976	0.614845
36.296	230.926	0.611129
36.496	230.876	0.610715
36.696	230.826	0.619658
36.896	230.776	0.623653
37.096	230.726	0.622195
37.296	230.676	0.622708
37.496	230.626	0.619433
37.696	230.576	0.6165
37.896	230.526	0.620873
38.096	230.476	0.619343
38.296	230.426	0.622033
38.496	230.376	0.621448
38.696	230.326	0.614305
38.896	230.276	0.618587
39.096	230.226	0.619136
39.296	230.176	0.619253
39.496	230.126	0.618758
39.696	230.076	0.62224
39.896	230.026	0.615205
40.096	229.976	0.618372
40.296	229.926	0.613738
40.496	229.876	0.619631
40.696	229.826	0.618533
40.896	229.776	0.616266
41.096	229.726	0.616527
41.296	229.676	0.615187
41.496	229.626	0.614836
41.696	229.576	0.618695
41.896	229.526	0.618866
42.096	229.476	0.620837
42.296	229.426	0.621251
42.496	229.376	0.621979
42.696	229.326	0.623185
42.896	229.276	0.619478
43.096	229.226	0.623959
43.296	229.176	0.623662
43.496	229.126	0.622438
43.696	229.076	0.619235
43.896	229.026	0.620936
44.096	228.976	0.623095
44.296	228.926	0.62511
44.496	228.876	0.625128
44.696	228.826	0.624795
44.896	228.776	0.625137
45.096	228.726	0.620648
45.296	228.676	0.624687
45.496	228.626	0.62197
45.696	228.576	0.623122
45.896	228.526	0.624247
46.096	228.476	0.628952
46.296	228.426	0.625425
46.496	228.376	0.622753
46.696	228.326	0.622771
46.896	228.276	0.625038
47.096	228.226	0.622321
47.296	228.176	0.620324
47.496	228.126	0.625272
47.696	228.076	0.621979
47.896	228.026	0.6287
48.096	227.976	0.628556
48.296	227.926	0.627755
48.496	227.876	0.625515
48.696	227.826	0.625164
48.896	227.776	0.630085
49.096	227.726	0.624543
49.296	227.676	0.627108
49.496	227.626	0.623941
49.696	227.576	0.626622
49.896	227.526	0.627449
50.096	227.476	0.623734
50.296	227.426	0.623293
50.496	227.376	0.620306
50.696	227.326	0.627099
50.896	227.276	0.62664
51.096	227.226	0.626127
51.296	227.176	0.62735
51.496	227.126	0.622888
51.696	227.076	0.627368
51.896	227.026	0.620135
