0.098	239.976	0.144282
0.296	239.926	0.141583
0.496	239.876	0.140477
0.696	239.826	0.144705
0.896	239.776	0.145569
1.096	239.726	0.14108
1.296	239.676	0.144256
1.496	239.626	0.146532
1.696	239.576	0.143005
1.896	239.526	0.142555
2.096	239.476	0.142861
2.296	239.426	0.143752
2.496	239.376	0.143041
2.696	239.326	0.139415
2.896	239.276	0.144238
3.096	239.226	0.143743
3.296	239.176	0.148718
3.496	239.126	0.142969
3.696	239.076	0.145182
3.896	239.026	0.140963
4.096	238.976	0.145947
4.296	238.926	0.148277
4.496	238.876	0.14547
4.696	238.826	0.14601
4.896	238.776	0.145128
5.096	238.726	0.14529
5.296	238.676	0.141763
5.496	238.626	0.143185
5.696	238.576	0.145947
5.896	238.526	0.148979
6.096	238.476	0.149231
6.296	238.426	0.147719
6.496	238.376	0.14718
6.696	238.326	0.144696
6.896	238.276	0.149231
7.096	238.226	0.144921
7.296	238.176	0.148061
7.496	238.126	0.147989
7.696	238.076	0.148088
7.896	238.026	0.145137
8.096	237.976	0.145938
8.296	237.926	0.145398
8.496	237.876	0.147602
8.696	237.826	0.146325
8.896	237.776	0.147782
9.096	237.726	0.147323
9.296	237.676	0.146991
9.496	237.626	0.146541
9.696	237.576	0.143824
9.896	237.526	0.146568
10.096	237.476	0.151444
10.296	237.426	0.146505
10.496	237.376	0.145641
10.696	237.326	0.15031
10.896	237.276	0.152731
11.096	237.226	0.1513
11.296	237.176	0.143311
11.496	237.126	0.145983
11.696	237.076	0.151408
11.896	237.026	0.148367
12.096	236.976	0.147386
12.296	236.926	0.148124
12.496	236.876	0.147692
12.696	236.826	0.151885
12.896	236.776	0.151516
13.096	236.726	0.14619
13.296	236.676	0.15229
13.496	236.626	0.153378
13.696	236.576	0.152793
13.896	236.526	0.148664
14.096	236.476	0.146892
14.296	236.426	0.149564
14.496	236.376	0.148097
14.696	236.326	0.148277
14.896	236.276	0.151147
15.096	236.226	0.150922
15.296	236.176	0.153774
15.496	236.126	0.151453
15.696	236.076	0.15686
15.896	236.026	0.150139
16.096	235.976	0.152623
16.296	235.926	0.148583
16.496	235.876	0.150886
16.696	235.826	0.150247
16.896	235.776	0.15184
17.096	235.726	0.152038
17.296	235.676	0.151516
17.496	235.626	0.152407
17.696	235.576	0.152883
17.896	235.526	0.156104
18.096	235.476	0.15399
18.296	235.426	0.151462
18.496	235.376	0.15094
18.696	235.326	0.155061
18.896	235.276	0.148997
19.096	235.226	0.15345
19.296	235.176	0.154809
19.496	235.126	0.152874
19.696	235.076	0.149222
19.896	235.026	0.152578
20.096	234.976	0.156077
20.296	234.926	0.146388
20.496	234.876	0.149735
20.696	234.826	0.149537
20.896	234.776	0.149357
21.096	234.726	0.147467
21.296	234.676	0.152236
21.496	234.626	0.152182
21.696	234.576	0.153486
21.896	234.526	0.150967
22.096	234.476	0.150751
22.296	234.426	0.16054
22.496	234.376	0.15354
22.696	234.326	0.150652
22.896	234.276	0.150679
23.096	234.226	0.157697
23.296	234.176	0.156239
23.496	234.126	0.157256
23.696	234.076	0.162204
23.896	234.026	0.162879
24.096	233.976	0.161871
24.296	233.926	0.171318
24.496	233.876	0.177544
24.696	233.826	0.178282
24.896	233.776	0.194962
25.096	233.726	0.276158
25.296	233.676	0.450391
25.496	233.626	0.571327
25.696	233.576	0.595007
25.896	233.526	0.608862
26.096	233.476	0.621691
26.296	233.426	0.628349
26.496	233.376	0.625416
26.696	233.326	0.626964
26.896	233.276	0.631669
27.096	233.226	0.628313
27.296	233.176	0.626802
27.496	233.126	0.627395
27.696	233.076	0.627359
27.896	233.026	0.628961
28.096	232.976	0.630508
28.296	232.926	0.632191
28.496	232.876	0.629051
28.696	232.826	0.632542
28.896	232.776	0.633981
29.096	232.726	0.638129
29.296	232.676	0.634386
29.496	232.626	0.638435
29.696	232.576	0.632128
29.896	232.526	0.635816
30.096	232.476	0.631534
30.296	232.426	0.637931
30.496	232.376	0.635691
30.696	232.326	0.635331
30.896	232.276	0.629573
31.096	232.226	0.631444
31.296	232.176	0.630112
31.496	232.126	0.624184
31.696	232.076	0.623896
31.896	232.026	0.626604
32.096	231.976	0.623878
32.296	231.926	0.624813
32.496	231.876	0.624076
32.696	231.826	0.62664
32.896	231.776	0.626712
33.096	231.726	0.627252
33.296	231.676	0.629825
33.496	231.626	0.625281
33.696	231.576	0.626469
33.896	231.526	0.621844
34.096	231.476	0.622186
34.296	231.426	0.622438
34.496	231.376	0.621431
34.696	231.326	0.621754
34.896	231.276	0.619613
35.096	231.226	0.619613
35.296	231.176	0.62063
35.496	231.126	0.619775
35.696	231.076	0.617544
35.896	231.026	0.617544
36.096	230.976	0.617787
36.296	230.926	0.611012
36.496	230.876	0.612452
36.696	230.826	0.614035
36.896	230.776	0.61327
37.096	230.726	0.609654
37.296	230.676	0.612236
37.496	230.626	0.612353
37.696	230.576	0.612533
37.896	230.526	0.610643
38.096	230.476	0.609645
38.296	230.426	0.610652
38.496	230.376	0.612541
38.696	230.326	0.611957
38.896	230.276	0.612587
39.096	230.226	0.612308
39.296	230.176	0.61202
39.496	230.126	0.609582
39.696	230.076	0.610634
39.896	230.026	0.610796
40.096	229.976	0.609735
40.296	229.926	0.610031
40.496	229.876	0.611525
40.696	229.826	0.608907
40.896	229.776	0.610301
41.096	229.726	0.609069
41.296	229.676	0.612038
41.496	229.626	0.611228
41.696	229.576	0.613666
41.896	229.526	0.613747
42.096	229.476	0.613
42.296	229.426	0.615745
42.496	229.376	0.614053
42.696	229.326	0.611561
42.896	229.276	0.60951
43.096	229.226	0.611678
43.296	229.176	0.611705
43.496	229.126	0.616986
43.696	229.076	0.612191
43.896	229.026	0.615789
44.096	228.976	0.616023
44.296	228.926	0.617319
44.496	228.876	0.6183
44.696	228.826	0.614485
44.896	228.776	0.616734
45.096	228.726	0.612497
45.296	228.676	0.615286
45.496	228.626	0.61507
45.696	228.576	0.611678
45.896	228.526	0.617409
46.096	228.476	0.614323
46.296	228.426	0.613189
46.496	228.376	0.616356
46.696	228.326	0.612686
46.896	228.276	0.61103
47.096	228.226	0.609159
47.296	228.176	0.610391
47.496	228.126	0.608889
47.696	228.076	0.614737
47.896	228.026	0.616581
48.096	227.976	0.613513
48.296	227.926	0.612227
48.496	227.876	0.613711
48.696	227.826	0.612164
48.896	227.776	0.615799
49.096	227.726	0.615142
49.296	227.676	0.617913
49.496	227.626	0.617553
49.696	227.576	0.619109
49.896	227.526	0.617508
50.096	227.476	0.615124
50.296	227.426	0.614296
50.496	227.376	0.610949
50.696	227.326	0.61292
50.896	227.276	0.612047
51.096	227.226	0.609798
51.296	227.176	0.611588
51.496	227.126	0.615934
51.696	227.076	0.616752
51.896	227.026	0.614098
