0.098	239.976	0.124796
0.296	239.926	0.120568
0.496	239.876	0.12495
0.696	239.826	0.121492
0.896	239.776	0.127022
1.096	239.726	0.120592
1.296	239.676	0.121835
1.496	239.626	0.122866
1.696	239.576	0.122901
1.896	239.526	0.12302
2.096	239.476	0.122285
2.296	239.426	0.12328
2.496	239.376	0.124417
2.696	239.326	0.122617
2.896	239.276	0.123588
3.096	239.226	0.12122
3.296	239.176	0.126004
3.496	239.126	0.127614
3.696	239.076	0.120817
3.896	239.026	0.12418
4.096	238.976	0.124038
4.296	238.926	0.120722
4.496	238.876	0.122333
4.696	238.826	0.127105
4.896	238.776	0.126904
5.096	238.726	0.123091
5.296	238.676	0.128218
5.496	238.626	0.129994
5.696	238.576	0.127448
5.896	238.526	0.122735
6.096	238.476	0.122771
6.296	238.426	0.124535
6.496	238.376	0.124571
6.696	238.326	0.123387
6.896	238.276	0.126027
7.096	238.226	0.123718
7.296	238.176	0.125767
7.496	238.126	0.124831
7.696	238.076	0.126004
7.896	238.026	0.123564
8.096	237.976	0.126702
8.296	237.926	0.123517
8.496	237.876	0.124606
8.696	237.826	0.123872
8.896	237.776	0.125423
9.096	237.726	0.126536
9.296	237.676	0.123552
9.496	237.626	0.126075
9.696	237.576	0.127649
9.896	237.526	0.1263
10.096	237.476	0.12534
10.296	237.426	0.127117
10.496	237.376	0.124168
10.696	237.326	0.127318
10.896	237.276	0.12418
11.096	237.226	0.126975
11.296	237.176	0.128419
11.496	237.126	0.124417
11.696	237.076	0.129781
11.896	237.026	0.126359
12.096	236.976	0.123043
12.296	236.926	0.127365
12.496	236.876	0.127815
12.696	236.826	0.130373
12.896	236.776	0.128549
13.096	236.726	0.129805
13.296	236.676	0.128301
13.496	236.626	0.124298
13.696	236.576	0.127602
13.896	236.526	0.125092
14.096	236.476	0.123896
14.296	236.426	0.127993
14.496	236.376	0.129698
14.696	236.326	0.128526
14.896	236.276	0.125435
15.096	236.226	0.124512
15.296	236.176	0.128467
15.496	236.126	0.126986
15.696	236.076	0.128419
15.896	236.026	0.131723
16.096	235.976	0.13003
16.296	235.926	0.12675
16.496	235.876	0.127484
16.696	235.826	0.124369
16.896	235.776	0.125992
17.096	235.726	0.1281
17.296	235.676	0.124689
17.496	235.626	0.129734
17.696	235.576	0.126951
17.896	235.526	0.133345
18.096	235.476	0.128277
18.296	235.426	0.126892
18.496	235.376	0.129674
18.696	235.326	0.131214
18.896	235.276	0.126844
19.096	235.226	0.128999
19.296	235.176	0.129224
19.496	235.126	0.127886
19.696	235.076	0.132232
19.896	235.026	0.130195
20.096	234.976	0.128988
20.296	234.926	0.128727
20.496	234.876	0.135287
20.696	234.826	0.129307
20.896	234.776	0.127507
21.096	234.726	0.123067
21.296	234.676	0.130965
21.496	234.626	0.127661
21.696	234.576	0.129958
21.896	234.526	0.128774
22.096	234.476	0.129899
22.296	234.426	0.128798
22.496	234.376	0.131486
22.696	234.326	0.131237
22.896	234.276	0.131332
23.096	234.226	0.132919
23.296	234.176	0.129177
23.496	234.126	0.128822
23.696	234.076	0.129165
23.896	234.026	0.133961
24.096	233.976	0.136625
24.296	233.926	0.131297
24.496	233.876	0.130361
24.696	233.826	0.131083
24.896	233.776	0.12643
25.096	233.726	0.130787
25.296	233.676	0.130539
25.496	233.626	0.130314
25.696	233.576	0.128822
25.896	233.526	0.129591
26.096	233.476	0.131403
26.296	233.426	0.128313
26.496	233.376	0.12765
26.696	233.326	0.130906
26.896	233.276	0.12759
27.096	233.226	0.132078
27.296	233.176	0.134186
27.496	233.126	0.129852
27.696	233.076	0.131841
27.896	233.026	0.127602
28.096	232.976	0.135216
28.296	232.926	0.133357
28.496	232.876	0.132232
28.696	232.826	0.131072
28.896	232.776	0.12894
29.096	232.726	0.13164
29.296	232.676	0.135204
29.496	232.626	0.132031
29.696	232.576	0.126738
29.896	232.526	0.133274
30.096	232.476	0.131794
30.296	232.426	0.134553
30.496	232.376	0.133866
30.696	232.326	0.129473
30.896	232.276	0.129662
31.096	232.226	0.131166
31.296	232.176	0.135477
31.496	232.126	0.130219
31.696	232.076	0.133665
31.896	232.026	0.13505
32.096	231.976	0.131711
32.296	231.926	0.131155
32.496	231.876	0.129355
32.696	231.826	0.137904
32.896	231.776	0.131664
33.096	231.726	0.137845
33.296	231.676	0.131747
33.496	231.626	0.128763
33.696	231.576	0.130705
33.896	231.526	0.133558
34.096	231.476	0.129177
34.296	231.426	0.135477
34.496	231.376	0.13177
34.696	231.326	0.133819
34.896	231.276	0.135252
35.096	231.226	0.135548
35.296	231.176	0.13614
35.496	231.126	0.130681
35.696	231.076	0.130787
35.896	231.026	0.131178
36.096	230.976	0.129189
36.296	230.926	0.131048
36.496	230.876	0.13325
36.696	230.826	0.13672
36.896	230.776	0.139384
37.096	230.726	0.131877
37.296	230.676	0.129935
37.496	230.626	0.1382
37.696	230.576	0.13929
37.896	230.526	0.139219
38.096	230.476	0.13569
38.296	230.426	0.13839
38.496	230.376	0.135429
38.696	230.326	0.131356
38.896	230.276	0.132872
39.096	230.226	0.140651
39.296	230.176	0.138129
39.496	230.126	0.129106
39.696	230.076	0.134991
39.896	230.026	0.134778
40.096	229.976	0.134423
40.296	229.926	0.137442
40.496	229.876	0.130705
40.696	229.826	0.136696
40.896	229.776	0.138934
41.096	229.726	0.134482
41.296	229.676	0.13698
41.496	229.626	0.139941
41.696	229.576	0.140012
41.896	229.526	0.142818
42.096	229.476	0.141208
42.296	229.426	0.136116
42.496	229.376	0.135761
42.696	229.326	0.135536
42.896	229.276	0.134731
43.096	229.226	0.131439
43.296	229.176	0.137217
43.496	229.126	0.139882
43.696	229.076	0.13582
43.896	229.026	0.133487
44.096	228.976	0.138022
44.296	228.926	0.137963
44.496	228.876	0.140722
44.696	228.826	0.138674
44.896	228.776	0.137857
45.096	228.726	0.133464
45.296	228.676	0.132729
45.496	228.626	0.140059
45.696	228.576	0.133511
45.896	228.526	0.131877
46.096	228.476	0.144748
46.296	228.426	0.132682
46.496	228.376	0.135015
46.696	228.326	0.136578
46.896	228.276	0.139207
47.096	228.226	0.156554
47.296	228.176	0.18733
47.496	228.126	0.21331
47.696	228.076	0.240521
47.896	228.026	0.26566
48.096	227.976	0.279538
48.296	227.926	0.292481
48.496	227.876	0.295465
48.696	227.826	0.302688
48.896	227.776	0.303363
49.096	227.726	0.313736
49.296	227.676	0.314731
49.496	227.626	0.319301
49.696	227.576	0.315536
49.896	227.526	0.310894
50.096	227.476	0.320462
50.296	227.426	0.318911
50.496	227.376	0.319491
50.696	227.326	0.316744
50.896	227.276	0.323079
51.096	227.226	0.326785
51.296	227.176	0.32823
51.496	227.126	0.319597
51.696	227.076	0.326761
51.896	227.026	0.320237
52.096	226.976	0.320071
52.296	226.926	0.314399
52.496	226.876	0.320367
52.696	226.826	0.317715
52.896	226.776	0.319289
53.096	226.726	0.322297
53.296	226.676	0.320118
53.496	226.626	0.318851
53.696	226.576	0.322155
53.896	226.526	0.326122
54.096	226.476	0.324251
54.296	226.426	0.323173
54.496	226.376	0.321966
54.696	226.326	0.322913
54.896	226.276	0.318911
55.096	226.226	0.323979
55.296	226.176	0.321302
55.496	226.126	0.319822
55.696	226.076	0.32585
55.896	226.026	0.325258
56.096	225.976	0.319834
56.296	225.926	0.320995
56.496	225.876	0.32212
56.696	225.826	0.313795
56.896	225.776	0.319787
57.096	225.726	0.318934
57.296	225.676	0.31852
57.496	225.626	0.31794
57.696	225.576	0.320853
57.896	225.526	0.318993
58.096	225.476	0.317004
58.296	225.426	0.318224
58.496	225.376	0.317336
58.696	225.326	0.32476
58.896	225.276	0.324689
59.096	225.226	0.323197
59.296	225.176	0.321421
59.496	225.126	0.320628
59.696	225.076	0.321942
59.896	225.026	0.322439
