0.098	239.976	0.133931
0.296	239.926	0.133315
0.496	239.876	0.1397
0.696	239.826	0.137542
0.896	239.776	0.136531
1.096	239.726	0.134042
1.296	239.676	0.140474
1.496	239.626	0.1374
1.696	239.576	0.134224
1.896	239.526	0.132548
2.096	239.476	0.137155
2.296	239.426	0.140055
2.496	239.376	0.137321
2.696	239.326	0.136721
2.896	239.276	0.137369
3.096	239.226	0.138261
3.296	239.176	0.135575
3.496	239.126	0.134247
3.696	239.076	0.135132
3.896	239.026	0.1348
4.096	238.976	0.135283
4.296	238.926	0.137614
4.496	238.876	0.136333
4.696	238.826	0.138214
4.896	238.776	0.137653
5.096	238.726	0.140379
5.296	238.676	0.140435
5.496	238.626	0.140672
5.696	238.576	0.135535
5.896	238.526	0.140711
6.096	238.476	0.139976
6.296	238.426	0.141043
6.496	238.376	0.139202
6.696	238.326	0.138728
6.896	238.276	0.13906
7.096	238.226	0.138096
7.296	238.176	0.133757
7.496	238.126	0.143975
7.696	238.076	0.142181
7.896	238.026	0.142536
8.096	237.976	0.139984
8.296	237.926	0.137764
8.496	237.876	0.135986
8.696	237.826	0.143817
8.896	237.776	0.142663
9.096	237.726	0.137487
9.296	237.676	0.14275
9.496	237.626	0.14437
9.696	237.576	0.150857
9.896	237.526	0.158728
10.096	237.476	0.164907
10.296	237.426	0.171806
10.496	237.376	0.194808
10.696	237.326	0.207459
10.896	237.276	0.261612
11.096	237.226	0.322307
11.296	237.176	0.384583
11.496	237.126	0.41691
11.696	237.076	0.458262
11.896	237.026	0.485769
12.096	236.976	0.51853
12.296	236.926	0.517384
12.496	236.876	0.52448
12.696	236.826	0.525863
12.896	236.776	0.53115
13.096	236.726	0.529625
13.296	236.676	0.52825
13.496	236.626	0.523461
13.696	236.576	0.52938
13.896	236.526	0.527744
14.096	236.476	0.528921
14.296	236.426	0.527159
14.496	236.376	0.525689
14.696	236.326	0.527452
14.896	236.276	0.526559
15.096	236.226	0.526693
15.296	236.176	0.532912
15.496	236.126	0.530375
15.696	236.076	0.527373
15.896	236.026	0.533528
16.096	235.976	0.530391
16.296	235.926	0.53145
16.496	235.876	0.531861
16.696	235.826	0.531087
16.896	235.776	0.527309
17.096	235.726	0.52162
17.296	235.676	0.527752
17.496	235.626	0.529324
17.696	235.576	0.532438
17.896	235.526	0.527973
18.096	235.476	0.525531
18.296	235.426	0.528566
18.496	235.376	0.530581
18.696	235.326	0.534484
18.896	235.276	0.537298
19.096	235.226	0.53307
19.296	235.176	0.535156
19.496	235.126	0.539399
19.696	235.076	0.536973
19.896	235.026	0.532556
20.096	234.976	0.535994
20.296	234.926	0.535559
20.496	234.876	0.534382
20.696	234.826	0.538467
20.896	234.776	0.538902
21.096	234.726	0.540948
21.296	234.676	0.537266
21.496	234.626	0.533678
21.696	234.576	0.535646
21.896	234.526	0.532707
22.096	234.476	0.531426
22.296	234.426	0.534216
22.496	234.376	0.532817
22.696	234.326	0.535022
22.896	234.276	0.538704
23.096	234.226	0.536191
23.296	234.176	0.532177
23.496	234.126	0.536207
23.696	234.076	0.536721
23.896	234.026	0.535923
24.096	233.976	0.539494
24.296	233.926	0.534461
24.496	233.876	0.52938
24.696	233.826	0.535211
24.896	233.776	0.542505
25.096	233.726	0.535551
25.296	233.676	0.534966
25.496	233.626	0.5345
25.696	233.576	0.534192
25.896	233.526	0.533584
26.096	233.476	0.535472
26.296	233.426	0.53891
26.496	233.376	0.539676
26.696	233.326	0.533299
26.896	233.276	0.535733
27.096	233.226	0.536563
27.296	233.176	0.538056
27.496	233.126	0.539834
27.696	233.076	0.5397
27.896	233.026	0.538064
28.096	232.976	0.539028
28.296	232.926	0.541889
28.496	232.876	0.541106
28.696	232.826	0.542007
28.896	232.776	0.539668
29.096	232.726	0.535772
29.296	232.676	0.541217
29.496	232.626	0.540719
29.696	232.576	0.541557
29.896	232.526	0.543777
30.096	232.476	0.541249
30.296	232.426	0.539423
30.496	232.376	0.543564
30.696	232.326	0.540806
30.896	232.276	0.543398
31.096	232.226	0.54384
31.296	232.176	0.54256
31.496	232.126	0.540324
31.696	232.076	0.545073
31.896	232.026	0.545911
32.096	231.976	0.542955
32.296	231.926	0.539652
32.496	231.876	0.54079
32.696	231.826	0.545128
32.896	231.776	0.544623
33.096	231.726	0.543572
33.296	231.676	0.541454
33.496	231.626	0.541383
33.696	231.576	0.540585
33.896	231.526	0.542861
34.096	231.476	0.547965
34.296	231.426	0.547499
34.496	231.376	0.549103
34.696	231.326	0.549719
34.896	231.276	0.550747
35.096	231.226	0.549854
35.296	231.176	0.542371
35.496	231.126	0.544243
35.696	231.076	0.545682
35.896	231.026	0.548771
36.096	230.976	0.548416
36.296	230.926	0.547183
36.496	230.876	0.549585
36.696	230.826	0.550778
36.896	230.776	0.547523
37.096	230.726	0.547278
37.296	230.676	0.546859
37.496	230.626	0.54271
37.696	230.576	0.545863
37.896	230.526	0.543429
38.096	230.476	0.547965
38.296	230.426	0.547736
38.496	230.376	0.544504
38.696	230.326	0.547428
38.896	230.276	0.546906
39.096	230.226	0.546037
39.296	230.176	0.540529
39.496	230.126	0.536934
39.696	230.076	0.541328
39.896	230.026	0.538546
40.096	229.976	0.542576
40.296	229.926	0.54275
40.496	229.876	0.544093
40.696	229.826	0.541762
40.896	229.776	0.544291
41.096	229.726	0.547894
41.296	229.676	0.544488
41.496	229.626	0.544876
41.696	229.576	0.541928
41.896	229.526	0.543872
42.096	229.476	0.545286
42.296	229.426	0.546417
42.496	229.376	0.543572
42.696	229.326	0.546203
42.896	229.276	0.547128
43.096	229.226	0.54987
43.296	229.176	0.54659
43.496	229.126	0.546187
43.696	229.076	0.5484
43.896	229.026	0.547981
44.096	228.976	0.547554
44.296	228.926	0.551221
44.496	228.876	0.551616
44.696	228.826	0.55416
44.896	228.776	0.554887
45.096	228.726	0.555188
45.296	228.676	0.555812
45.496	228.626	0.55582
45.696	228.576	0.557298
45.896	228.526	0.556689
46.096	228.476	0.552375
46.296	228.426	0.554058
46.496	228.376	0.554974
46.696	228.326	0.55401
46.896	228.276	0.553244
47.096	228.226	0.553449
47.296	228.176	0.553173
47.496	228.126	0.554579
47.696	228.076	0.556081
47.896	228.026	0.554848
48.096	227.976	0.557432
48.296	227.926	0.555614
48.496	227.876	0.555654
48.696	227.826	0.557084
48.896	227.776	0.5571
49.096	227.726	0.553505
49.296	227.676	0.551505
49.496	227.626	0.554081
49.696	227.576	0.550344
49.896	227.526	0.550162
50.096	227.476	0.553821
50.296	227.426	0.552983
50.496	227.376	0.552872
50.696	227.326	0.556357
50.896	227.276	0.5545
51.096	227.226	0.555124
51.296	227.176	0.556168
51.496	227.126	0.552066
51.696	227.076	0.556523
51.896	227.026	0.558617
