4	0	631	0.0320806
4	4000	621	0.0315722
4	8000	618	0.0314197
4	12000	624	0.0317247
4	16000	631	0.0320806
4	20000	636	0.0323348
4	24000	641	0.032589
4	28000	627	0.0318773
4	32000	626	0.0318264
4	36000	632	0.0321315
4	40000	623	0.0316739
4	44000	642	0.0326399
4	48000	619	0.0314705
4	52000	627	0.0318773
4	56000	631	0.0320806
4	60000	630	0.0320298
4	64000	624	0.0317247
4	68000	630	0.0320298
4	72000	630	0.0320298
4	76000	617	0.0313688
4	80000	618	0.0314197
4	84000	621	0.0315722
4	88000	626	0.0318264
4	92000	613	0.0311655
4	96000	630	0.0320298
4	100000	637	0.0323857
4	104000	624	0.0317247
4	108000	637	0.0323857
4	112000	634	0.0322331
4	116000	623	0.0316739
4	120000	625	0.0317756
4	124000	617	0.0313688
4	128000	623	0.0316739
4	132000	613	0.0311655
4	136000	620	0.0315214
4	140000	624	0.0317247
4	144000	632	0.0321315
4	148000	626	0.0318264
4	152000	628	0.0319281
4	156000	624	0.0317247
4	160000	624	0.0317247
4	164000	631	0.0320806
4	168000	619	0.0314705
4	172000	626	0.0318264
4	176000	625	0.0317756
4	180000	626	0.0318264
4	184000	616	0.031318
4	188000	616	0.031318
4	192000	636	0.0323348
4	196000	626	0.0318264
4	200000	616	0.031318
4	204000	628	0.0319281
4	208000	624	0.0317247
4	212000	631	0.0320806
4	216000	633	0.0321823
4	220000	613	0.0311655
4	224000	638	0.0324365
4	228000	623	0.0316739
4	232000	635	0.032284
4	236000	636	0.0323348
4	240000	629	0.0319789
4	244000	624	0.0317247
4	248000	626	0.0318264
4	252000	640	0.0325382
4	256000	623	0.0316739
4	260000	637	0.0323857
4	264000	625	0.0317756
4	268000	633	0.0321823
4	272000	630	0.0320298
4	276000	624	0.0317247
4	280000	629	0.0319789
4	284000	634	0.0322331
4	288000	631	0.0320806
4	292000	629	0.0319789
4	296000	624	0.0317247
4	300000	623	0.0316739
4	304000	621	0.0315722
4	308000	642	0.0326399
4	312000	643	0.0326907
4	316000	625	0.0317756
4	320000	628	0.0319281
4	324000	618	0.0314197
4	328000	635	0.032284
4	332000	628	0.0319281
4	336000	625	0.0317756
4	340000	609	0.0309621
4	344000	626	0.0318264
4	348000	626	0.0318264
4	352000	638	0.0324365
4	356000	618	0.0314197
4	360000	620	0.0315214
4	364000	625	0.0317756
4	368000	626	0.0318264
4	372000	628	0.0319281
4	376000	646	0.0328432
4	380000	637	0.0323857
4	384000	627	0.0318773
4	388000	643	0.0326907
4	392000	620	0.0315214
4	396000	618	0.0314197
4	400000	624	0.0317247
5	0	627	0.0318773
5	4000	637	0.0323857
5	8000	632	0.0321315
5	12000	622	0.0316231
5	16000	617	0.0313688
5	20000	632	0.0321315
5	24000	634	0.0322331
5	28000	622	0.0316231
5	32000	633	0.0321823
5	36000	628	0.0319281
5	40000	628	0.0319281
5	44000	623	0.0316739
5	48000	614	0.0312163
5	52000	633	0.0321823
5	56000	621	0.0315722
5	60000	633	0.0321823
5	64000	623	0.0316739
5	68000	627	0.0318773
5	72000	625	0.0317756
5	76000	638	0.0324365
5	80000	628	0.0319281
5	84000	619	0.0314705
5	88000	625	0.0317756
5	92000	635	0.032284
5	96000	626	0.0318264
5	100000	619	0.0314705
5	104000	630	0.0320298
5	108000	628	0.0319281
5	112000	623	0.0316739
5	116000	641	0.032589
5	120000	629	0.0319789
5	124000	634	0.0322331
5	128000	622	0.0316231
5	132000	639	0.0324873
5	136000	631	0.0320806
5	140000	620	0.0315214
5	144000	626	0.0318264
5	148000	622	0.0316231
5	152000	629	0.0319789
5	156000	627	0.0318773
5	160000	638	0.0324365
5	164000	627	0.0318773
5	168000	634	0.0322331
5	172000	621	0.0315722
5	176000	631	0.0320806
5	180000	632	0.0321315
5	184000	638	0.0324365
5	188000	630	0.0320298
5	192000	625	0.0317756
5	196000	632	0.0321315
5	200000	630	0.0320298
5	204000	639	0.0324873
5	208000	627	0.0318773
5	212000	636	0.0323348
5	216000	624	0.0317247
5	220000	629	0.0319789
5	224000	630	0.0320298
5	228000	635	0.032284
5	232000	611	0.0310638
5	236000	642	0.0326399
5	240000	620	0.0315214
5	244000	624	0.0317247
5	248000	634	0.0322331
5	252000	630	0.0320298
5	256000	637	0.0323857
5	260000	635	0.032284
5	264000	627	0.0318773
5	268000	617	0.0313688
5	272000	639	0.0324873
5	276000	633	0.0321823
5	280000	629	0.0319789
5	284000	628	0.0319281
5	288000	626	0.0318264
5	292000	631	0.0320806
5	296000	632	0.0321315
5	300000	625	0.0317756
5	304000	620	0.0315214
5	308000	635	0.032284
5	312000	620	0.0315214
5	316000	630	0.0320298
5	320000	631	0.0320806
5	324000	633	0.0321823
5	328000	632	0.0321315
5	332000	619	0.0314705
5	336000	624	0.0317247
5	340000	619	0.0314705
5	344000	629	0.0319789
5	348000	625	0.0317756
5	352000	627	0.0318773
5	356000	638	0.0324365
5	360000	629	0.0319789
5	364000	646	0.0328432
5	368000	639	0.0324873
5	372000	615	0.0312672
5	376000	638	0.0324365
5	380000	623	0.0316739
5	384000	628	0.0319281
5	388000	621	0.0315722
5	392000	615	0.0312672
5	396000	620	0.0315214
5	400000	623	0.0316739
6	0	627	0.0318773
6	4000	624	0.0317247
6	8000	624	0.0317247
6	12000	629	0.0319789
6	16000	633	0.0321823
6	20000	627	0.0318773
6	24000	627	0.0318773
6	28000	631	0.0320806
6	32000	626	0.0318264
6	36000	623	0.0316739
6	40000	634	0.0322331
6	44000	625	0.0317756
6	48000	628	0.0319281
6	52000	622	0.0316231
6	56000	624	0.0317247
6	60000	628	0.0319281
6	64000	621	0.0315722
6	68000	627	0.0318773
6	72000	627	0.0318773
6	76000	624	0.0317247
6	80000	629	0.0319789
6	84000	637	0.0323857
6	88000	636	0.0323348
6	92000	629	0.0319789
6	96000	627	0.0318773
6	100000	622	0.0316231
6	104000	626	0.0318264
6	108000	633	0.0321823
6	112000	634	0.0322331
6	116000	632	0.0321315
6	120000	627	0.0318773
6	124000	645	0.0327924
6	128000	642	0.0326399
6	132000	623	0.0316739
6	136000	634	0.0322331
6	140000	634	0.0322331
6	144000	636	0.0323348
6	148000	622	0.0316231
6	152000	624	0.0317247
6	156000	630	0.0320298
6	160000	630	0.0320298
6	164000	622	0.0316231
6	168000	625	0.0317756
6	172000	634	0.0322331
6	176000	630	0.0320298
6	180000	634	0.0322331
6	184000	637	0.0323857
6	188000	638	0.0324365
6	192000	618	0.0314197
6	196000	629	0.0319789
6	200000	628	0.0319281
6	204000	633	0.0321823
6	208000	616	0.031318
6	212000	632	0.0321315
6	216000	632	0.0321315
6	220000	631	0.0320806
6	224000	619	0.0314705
6	228000	621	0.0315722
6	232000	649	0.0329958
6	236000	629	0.0319789
6	240000	627	0.0318773
6	244000	626	0.0318264
6	248000	633	0.0321823
6	252000	632	0.0321315
6	256000	623	0.0316739
6	260000	627	0.0318773
6	264000	632	0.0321315
6	268000	623	0.0316739
6	272000	608	0.0309113
6	276000	627	0.0318773
6	280000	639	0.0324873
6	284000	633	0.0321823
6	288000	615	0.0312672
6	292000	629	0.0319789
6	296000	631	0.0320806
6	300000	633	0.0321823
6	304000	628	0.0319281
6	308000	626	0.0318264
6	312000	628	0.0319281
6	316000	641	0.032589
6	320000	613	0.0311655
6	324000	625	0.0317756
6	328000	622	0.0316231
6	332000	610	0.031013
6	336000	634	0.0322331
6	340000	635	0.032284
6	344000	624	0.0317247
6	348000	630	0.0320298
6	352000	621	0.0315722
6	356000	632	0.0321315
6	360000	629	0.0319789
6	364000	634	0.0322331
6	368000	611	0.0310638
6	372000	618	0.0314197
6	376000	609	0.0309621
6	380000	610	0.031013
6	384000	629	0.0319789
6	388000	644	0.0327416
6	392000	638	0.0324365
6	396000	630	0.0320298
6	400000	615	0.0312672
7	0	611	0.0310638
7	4000	622	0.0316231
7	8000	619	0.0314705
7	12000	618	0.0314197
7	16000	643	0.0326907
7	20000	615	0.0312672
7	24000	627	0.0318773
7	28000	627	0.0318773
7	32000	624	0.0317247
7	36000	624	0.0317247
7	40000	626	0.0318264
7	44000	620	0.0315214
7	48000	632	0.0321315
7	52000	630	0.0320298
7	56000	617	0.0313688
7	60000	628	0.0319281
7	64000	626	0.0318264
7	68000	620	0.0315214
7	72000	638	0.0324365
7	76000	633	0.0321823
7	80000	626	0.0318264
7	84000	623	0.0316739
7	88000	628	0.0319281
7	92000	626	0.0318264
7	96000	631	0.0320806
7	100000	631	0.0320806
7	104000	625	0.0317756
7	108000	626	0.0318264
7	112000	613	0.0311655
7	116000	638	0.0324365
7	120000	631	0.0320806
7	124000	636	0.0323348
7	128000	629	0.0319789
7	132000	622	0.0316231
7	136000	631	0.0320806
7	140000	618	0.0314197
7	144000	633	0.0321823
7	148000	627	0.0318773
7	152000	636	0.0323348
7	156000	621	0.0315722
7	160000	644	0.0327416
7	164000	636	0.0323348
7	168000	631	0.0320806
7	172000	624	0.0317247
7	176000	622	0.0316231
7	180000	625	0.0317756
7	184000	619	0.0314705
7	188000	639	0.0324873
7	192000	639	0.0324873
7	196000	628	0.0319281
7	200000	623	0.0316739
7	204000	625	0.0317756
7	208000	629	0.0319789
7	212000	631	0.0320806
7	216000	627	0.0318773
7	220000	610	0.031013
7	224000	618	0.0314197
7	228000	632	0.0321315
7	232000	628	0.0319281
7	236000	618	0.0314197
7	240000	617	0.0313688
7	244000	626	0.0318264
7	248000	629	0.0319789
7	252000	614	0.0312163
7	256000	614	0.0312163
7	260000	625	0.0317756
7	264000	624	0.0317247
7	268000	628	0.0319281
7	272000	623	0.0316739
7	276000	627	0.0318773
7	280000	641	0.032589
7	284000	644	0.0327416
7	288000	634	0.0322331
7	292000	617	0.0313688
7	296000	630	0.0320298
7	300000	625	0.0317756
7	304000	627	0.0318773
7	308000	610	0.031013
7	312000	625	0.0317756
7	316000	639	0.0324873
7	320000	622	0.0316231
7	324000	632	0.0321315
7	328000	625	0.0317756
7	332000	626	0.0318264
7	336000	620	0.0315214
7	340000	614	0.0312163
7	344000	620	0.0315214
7	348000	624	0.0317247
7	352000	623	0.0316739
7	356000	621	0.0315722
7	360000	629	0.0319789
7	364000	629	0.0319789
7	368000	624	0.0317247
7	372000	627	0.0318773
7	376000	626	0.0318264
7	380000	631	0.0320806
7	384000	638	0.0324365
7	388000	625	0.0317756
7	392000	626	0.0318264
7	396000	639	0.0324873
7	400000	626	0.0318264
8	0	618	0.0314197
8	4000	638	0.0324365
8	8000	625	0.0317756
8	12000	624	0.0317247
8	16000	629	0.0319789
8	20000	636	0.0323348
8	24000	631	0.0320806
8	28000	630	0.0320298
8	32000	620	0.0315214
8	36000	622	0.0316231
8	40000	625	0.0317756
8	44000	629	0.0319789
8	48000	630	0.0320298
8	52000	624	0.0317247
8	56000	617	0.0313688
8	60000	629	0.0319789
8	64000	629	0.0319789
8	68000	621	0.0315722
8	72000	631	0.0320806
8	76000	630	0.0320298
8	80000	649	0.0329958
8	84000	633	0.0321823
8	88000	616	0.031318
8	92000	630	0.0320298
8	96000	620	0.0315214
8	100000	615	0.0312672
8	104000	626	0.0318264
8	108000	636	0.0323348
8	112000	636	0.0323348
8	116000	640	0.0325382
8	120000	626	0.0318264
8	124000	626	0.0318264
8	128000	636	0.0323348
8	132000	620	0.0315214
8	136000	633	0.0321823
8	140000	631	0.0320806
8	144000	627	0.0318773
8	148000	637	0.0323857
8	152000	628	0.0319281
8	156000	636	0.0323348
8	160000	641	0.032589
8	164000	639	0.0324873
8	168000	632	0.0321315
8	172000	634	0.0322331
8	176000	628	0.0319281
8	180000	629	0.0319789
8	184000	616	0.031318
8	188000	624	0.0317247
8	192000	635	0.032284
8	196000	635	0.032284
8	200000	617	0.0313688
8	204000	632	0.0321315
8	208000	633	0.0321823
8	212000	635	0.032284
8	216000	635	0.032284
8	220000	623	0.0316739
8	224000	626	0.0318264
8	228000	632	0.0321315
8	232000	637	0.0323857
8	236000	626	0.0318264
8	240000	622	0.0316231
8	244000	628	0.0319281
8	248000	635	0.032284
8	252000	635	0.032284
8	256000	631	0.0320806
8	260000	633	0.0321823
8	264000	613	0.0311655
8	268000	609	0.0309621
8	272000	620	0.0315214
8	276000	637	0.0323857
8	280000	620	0.0315214
8	284000	624	0.0317247
8	288000	617	0.0313688
8	292000	635	0.032284
8	296000	630	0.0320298
8	300000	625	0.0317756
8	304000	634	0.0322331
8	308000	638	0.0324365
8	312000	642	0.0326399
8	316000	629	0.0319789
8	320000	629	0.0319789
8	324000	634	0.0322331
8	328000	635	0.032284
8	332000	634	0.0322331
8	336000	635	0.032284
8	340000	631	0.0320806
8	344000	622	0.0316231
8	348000	619	0.0314705
8	352000	630	0.0320298
8	356000	627	0.0318773
8	360000	619	0.0314705
8	364000	626	0.0318264
8	368000	620	0.0315214
8	372000	616	0.031318
8	376000	617	0.0313688
8	380000	624	0.0317247
8	384000	628	0.0319281
8	388000	619	0.0314705
8	392000	629	0.0319789
8	396000	621	0.0315722
8	400000	630	0.0320298
9	0	628	0.0319281
9	4000	622	0.0316231
9	8000	627	0.0318773
9	12000	628	0.0319281
9	16000	628	0.0319281
9	20000	630	0.0320298
9	24000	630	0.0320298
9	28000	624	0.0317247
9	32000	623	0.0316739
9	36000	623	0.0316739
9	40000	636	0.0323348
9	44000	621	0.0315722
9	48000	629	0.0319789
9	52000	620	0.0315214
9	56000	613	0.0311655
9	60000	625	0.0317756
9	64000	630	0.0320298
9	68000	618	0.0314197
9	72000	624	0.0317247
9	76000	637	0.0323857
9	80000	632	0.0321315
9	84000	630	0.0320298
9	88000	649	0.0329958
9	92000	624	0.0317247
9	96000	635	0.032284
9	100000	620	0.0315214
9	104000	630	0.0320298
9	108000	635	0.032284
9	112000	626	0.0318264
9	116000	632	0.0321315
9	120000	642	0.0326399
9	124000	624	0.0317247
9	128000	634	0.0322331
9	132000	627	0.0318773
9	136000	631	0.0320806
9	140000	613	0.0311655
9	144000	636	0.0323348
9	148000	622	0.0316231
9	152000	624	0.0317247
9	156000	629	0.0319789
9	160000	618	0.0314197
9	164000	622	0.0316231
9	168000	615	0.0312672
9	172000	625	0.0317756
9	176000	627	0.0318773
9	180000	633	0.0321823
9	184000	624	0.0317247
9	188000	614	0.0312163
9	192000	639	0.0324873
9	196000	617	0.0313688
9	200000	631	0.0320806
9	204000	618	0.0314197
9	208000	615	0.0312672
9	212000	621	0.0315722
9	216000	623	0.0316739
9	220000	634	0.0322331
9	224000	621	0.0315722
9	228000	637	0.0323857
9	232000	622	0.0316231
9	236000	611	0.0310638
9	240000	626	0.0318264
9	244000	624	0.0317247
9	248000	640	0.0325382
9	252000	623	0.0316739
9	256000	627	0.0318773
9	260000	630	0.0320298
9	264000	637	0.0323857
9	268000	624	0.0317247
9	272000	639	0.0324873
9	276000	625	0.0317756
9	280000	626	0.0318264
9	284000	623	0.0316739
9	288000	614	0.0312163
9	292000	640	0.0325382
9	296000	619	0.0314705
9	300000	623	0.0316739
9	304000	628	0.0319281
9	308000	627	0.0318773
9	312000	632	0.0321315
9	316000	616	0.031318
9	320000	617	0.0313688
9	324000	616	0.031318
9	328000	630	0.0320298
9	332000	616	0.031318
9	336000	637	0.0323857
9	340000	618	0.0314197
9	344000	616	0.031318
9	348000	632	0.0321315
9	352000	633	0.0321823
9	356000	619	0.0314705
9	360000	637	0.0323857
9	364000	632	0.0321315
9	368000	625	0.0317756
9	372000	628	0.0319281
9	376000	615	0.0312672
9	380000	632	0.0321315
9	384000	626	0.0318264
9	388000	625	0.0317756
9	392000	623	0.0316739
9	396000	628	0.0319281
9	400000	621	0.0315722
10	0	626	0.0318264
10	4000	631	0.0320806
10	8000	627	0.0318773
10	12000	622	0.0316231
10	16000	621	0.0315722
10	20000	634	0.0322331
10	24000	619	0.0314705
10	28000	634	0.0322331
10	32000	627	0.0318773
10	36000	619	0.0314705
10	40000	625	0.0317756
10	44000	626	0.0318264
10	48000	625	0.0317756
10	52000	631	0.0320806
10	56000	635	0.032284
10	60000	624	0.0317247
10	64000	644	0.0327416
10	68000	625	0.0317756
10	72000	619	0.0314705
10	76000	630	0.0320298
10	80000	611	0.0310638
10	84000	628	0.0319281
10	88000	614	0.0312163
10	92000	629	0.0319789
10	96000	618	0.0314197
10	100000	628	0.0319281
10	104000	623	0.0316739
10	108000	615	0.0312672
10	112000	625	0.0317756
10	116000	624	0.0317247
10	120000	619	0.0314705
10	124000	632	0.0321315
10	128000	618	0.0314197
10	132000	635	0.032284
10	136000	613	0.0311655
10	140000	624	0.0317247
10	144000	622	0.0316231
10	148000	621	0.0315722
10	152000	637	0.0323857
10	156000	625	0.0317756
10	160000	618	0.0314197
10	164000	621	0.0315722
10	168000	619	0.0314705
10	172000	620	0.0315214
10	176000	626	0.0318264
10	180000	620	0.0315214
10	184000	631	0.0320806
10	188000	630	0.0320298
10	192000	629	0.0319789
10	196000	641	0.032589
10	200000	625	0.0317756
10	204000	635	0.032284
10	208000	634	0.0322331
10	212000	623	0.0316739
10	216000	613	0.0311655
10	220000	627	0.0318773
10	224000	617	0.0313688
10	228000	634	0.0322331
10	232000	626	0.0318264
10	236000	626	0.0318264
10	240000	616	0.031318
10	244000	639	0.0324873
10	248000	627	0.0318773
10	252000	640	0.0325382
10	256000	640	0.0325382
10	260000	628	0.0319281
10	264000	640	0.0325382
10	268000	626	0.0318264
10	272000	632	0.0321315
10	276000	610	0.031013
10	280000	633	0.0321823
10	284000	635	0.032284
10	288000	627	0.0318773
10	292000	626	0.0318264
10	296000	625	0.0317756
10	300000	627	0.0318773
10	304000	621	0.0315722
10	308000	630	0.0320298
10	312000	632	0.0321315
10	316000	631	0.0320806
10	320000	633	0.0321823
10	324000	617	0.0313688
10	328000	623	0.0316739
10	332000	633	0.0321823
10	336000	638	0.0324365
10	340000	631	0.0320806
10	344000	626	0.0318264
10	348000	630	0.0320298
10	352000	619	0.0314705
10	356000	632	0.0321315
10	360000	625	0.0317756
10	364000	633	0.0321823
10	368000	632	0.0321315
10	372000	620	0.0315214
10	376000	622	0.0316231
10	380000	634	0.0322331
10	384000	625	0.0317756
10	388000	638	0.0324365
10	392000	627	0.0318773
10	396000	641	0.032589
10	400000	617	0.0313688
11	0	617	0.0313688
11	4000	638	0.0324365
11	8000	630	0.0320298
11	12000	631	0.0320806
11	16000	622	0.0316231
11	20000	634	0.0322331
11	24000	633	0.0321823
11	28000	622	0.0316231
11	32000	630	0.0320298
11	36000	632	0.0321315
11	40000	624	0.0317247
11	44000	619	0.0314705
11	48000	644	0.0327416
11	52000	618	0.0314197
11	56000	625	0.0317756
11	60000	622	0.0316231
11	64000	625	0.0317756
11	68000	616	0.031318
11	72000	627	0.0318773
11	76000	629	0.0319789
11	80000	634	0.0322331
11	84000	623	0.0316739
11	88000	633	0.0321823
11	92000	635	0.032284
11	96000	617	0.0313688
11	100000	635	0.032284
11	104000	633	0.0321823
11	108000	627	0.0318773
11	112000	624	0.0317247
11	116000	622	0.0316231
11	120000	633	0.0321823
11	124000	624	0.0317247
11	128000	627	0.0318773
11	132000	633	0.0321823
11	136000	625	0.0317756
11	140000	625	0.0317756
11	144000	624	0.0317247
11	148000	610	0.031013
11	152000	631	0.0320806
11	156000	643	0.0326907
11	160000	633	0.0321823
11	164000	625	0.0317756
11	168000	639	0.0324873
11	172000	625	0.0317756
11	176000	638	0.0324365
11	180000	624	0.0317247
11	184000	631	0.0320806
11	188000	617	0.0313688
11	192000	625	0.0317756
11	196000	611	0.0310638
11	200000	630	0.0320298
11	204000	621	0.0315722
11	208000	635	0.032284
11	212000	623	0.0316739
11	216000	630	0.0320298
11	220000	629	0.0319789
11	224000	635	0.032284
11	228000	619	0.0314705
11	232000	620	0.0315214
11	236000	635	0.032284
11	240000	625	0.0317756
11	244000	610	0.031013
11	248000	621	0.0315722
11	252000	629	0.0319789
11	256000	626	0.0318264
11	260000	623	0.0316739
11	264000	633	0.0321823
11	268000	636	0.0323348
11	272000	623	0.0316739
11	276000	625	0.0317756
11	280000	628	0.0319281
11	284000	637	0.0323857
11	288000	624	0.0317247
11	292000	631	0.0320806
11	296000	620	0.0315214
11	300000	634	0.0322331
11	304000	622	0.0316231
11	308000	632	0.0321315
11	312000	630	0.0320298
11	316000	627	0.0318773
11	320000	631	0.0320806
11	324000	621	0.0315722
11	328000	618	0.0314197
11	332000	626	0.0318264
11	336000	627	0.0318773
11	340000	636	0.0323348
11	344000	632	0.0321315
11	348000	631	0.0320806
11	352000	624	0.0317247
11	356000	634	0.0322331
11	360000	629	0.0319789
11	364000	618	0.0314197
11	368000	629	0.0319789
11	372000	628	0.0319281
11	376000	634	0.0322331
11	380000	625	0.0317756
11	384000	628	0.0319281
11	388000	633	0.0321823
11	392000	625	0.0317756
11	396000	634	0.0322331
11	400000	621	0.0315722
12	0	624	0.0317247
12	4000	630	0.0320298
12	8000	628	0.0319281
12	12000	629	0.0319789
12	16000	637	0.0323857
12	20000	636	0.0323348
12	24000	623	0.0316739
12	28000	622	0.0316231
12	32000	641	0.032589
12	36000	625	0.0317756
12	40000	631	0.0320806
12	44000	626	0.0318264
12	48000	629	0.0319789
12	52000	627	0.0318773
12	56000	633	0.0321823
12	60000	634	0.0322331
12	64000	636	0.0323348
12	68000	629	0.0319789
12	72000	627	0.0318773
12	76000	639	0.0324873
12	80000	636	0.0323348
12	84000	638	0.0324365
12	88000	637	0.0323857
12	92000	621	0.0315722
12	96000	630	0.0320298
12	100000	628	0.0319281
12	104000	629	0.0319789
12	108000	630	0.0320298
12	112000	621	0.0315722
12	116000	630	0.0320298
12	120000	624	0.0317247
12	124000	630	0.0320298
12	128000	629	0.0319789
12	132000	604	0.0307079
12	136000	626	0.0318264
12	140000	622	0.0316231
12	144000	638	0.0324365
12	148000	630	0.0320298
12	152000	626	0.0318264
12	156000	624	0.0317247
12	160000	626	0.0318264
12	164000	620	0.0315214
12	168000	620	0.0315214
12	172000	619	0.0314705
12	176000	636	0.0323348
12	180000	634	0.0322331
12	184000	618	0.0314197
12	188000	617	0.0313688
12	192000	628	0.0319281
12	196000	637	0.0323857
12	200000	626	0.0318264
12	204000	617	0.0313688
12	208000	636	0.0323348
12	212000	630	0.0320298
12	216000	624	0.0317247
12	220000	620	0.0315214
12	224000	629	0.0319789
12	228000	619	0.0314705
12	232000	621	0.0315722
12	236000	630	0.0320298
12	240000	621	0.0315722
12	244000	644	0.0327416
12	248000	632	0.0321315
12	252000	619	0.0314705
12	256000	617	0.0313688
12	260000	628	0.0319281
12	264000	634	0.0322331
12	268000	627	0.0318773
12	272000	621	0.0315722
12	276000	631	0.0320806
12	280000	626	0.0318264
12	284000	632	0.0321315
12	288000	621	0.0315722
12	292000	624	0.0317247
12	296000	621	0.0315722
12	300000	632	0.0321315
12	304000	622	0.0316231
12	308000	625	0.0317756
12	312000	635	0.032284
12	316000	628	0.0319281
12	320000	629	0.0319789
12	324000	613	0.0311655
12	328000	635	0.032284
12	332000	635	0.032284
12	336000	646	0.0328432
12	340000	624	0.0317247
12	344000	619	0.0314705
12	348000	632	0.0321315
12	352000	622	0.0316231
12	356000	635	0.032284
12	360000	629	0.0319789
12	364000	633	0.0321823
12	368000	636	0.0323348
12	372000	623	0.0316739
12	376000	623	0.0316739
12	380000	625	0.0317756
12	384000	630	0.0320298
12	388000	631	0.0320806
12	392000	618	0.0314197
12	396000	631	0.0320806
12	400000	626	0.0318264
13	0	617	0.0313688
13	4000	625	0.0317756
13	8000	623	0.0316739
13	12000	620	0.0315214
13	16000	631	0.0320806
13	20000	626	0.0318264
13	24000	619	0.0314705
13	28000	629	0.0319789
13	32000	633	0.0321823
13	36000	615	0.0312672
13	40000	618	0.0314197
13	44000	624	0.0317247
13	48000	628	0.0319281
13	52000	636	0.0323348
13	56000	630	0.0320298
13	60000	630	0.0320298
13	64000	637	0.0323857
13	68000	636	0.0323348
13	72000	618	0.0314197
13	76000	620	0.0315214
13	80000	629	0.0319789
13	84000	626	0.0318264
13	88000	637	0.0323857
13	92000	617	0.0313688
13	96000	638	0.0324365
13	100000	633	0.0321823
13	104000	646	0.0328432
13	108000	611	0.0310638
13	112000	625	0.0317756
13	116000	620	0.0315214
13	120000	639	0.0324873
13	124000	633	0.0321823
13	128000	631	0.0320806
13	132000	620	0.0315214
13	136000	625	0.0317756
13	140000	629	0.0319789
13	144000	638	0.0324365
13	148000	624	0.0317247
13	152000	637	0.0323857
13	156000	615	0.0312672
13	160000	626	0.0318264
13	164000	624	0.0317247
13	168000	618	0.0314197
13	172000	636	0.0323348
13	176000	629	0.0319789
13	180000	626	0.0318264
13	184000	633	0.0321823
13	188000	628	0.0319281
13	192000	638	0.0324365
13	196000	627	0.0318773
13	200000	628	0.0319281
13	204000	635	0.032284
13	208000	635	0.032284
13	212000	621	0.0315722
13	216000	616	0.031318
13	220000	624	0.0317247
13	224000	618	0.0314197
13	228000	628	0.0319281
13	232000	622	0.0316231
13	236000	629	0.0319789
13	240000	625	0.0317756
13	244000	612	0.0311146
13	248000	629	0.0319789
13	252000	617	0.0313688
13	256000	620	0.0315214
13	260000	618	0.0314197
13	264000	631	0.0320806
13	268000	633	0.0321823
13	272000	623	0.0316739
13	276000	627	0.0318773
13	280000	646	0.0328432
13	284000	634	0.0322331
13	288000	623	0.0316739
13	292000	637	0.0323857
13	296000	625	0.0317756
13	300000	634	0.0322331
13	304000	624	0.0317247
13	308000	630	0.0320298
13	312000	619	0.0314705
13	316000	615	0.0312672
13	320000	620	0.0315214
13	324000	617	0.0313688
13	328000	631	0.0320806
13	332000	618	0.0314197
13	336000	642	0.0326399
13	340000	620	0.0315214
13	344000	623	0.0316739
13	348000	634	0.0322331
13	352000	625	0.0317756
13	356000	623	0.0316739
13	360000	622	0.0316231
13	364000	632	0.0321315
13	368000	623	0.0316739
13	372000	622	0.0316231
13	376000	620	0.0315214
13	380000	620	0.0315214
13	384000	626	0.0318264
13	388000	636	0.0323348
13	392000	618	0.0314197
13	396000	617	0.0313688
13	400000	623	0.0316739
14	0	621	0.0315722
14	4000	633	0.0321823
14	8000	634	0.0322331
14	12000	621	0.0315722
14	16000	637	0.0323857
14	20000	637	0.0323857
14	24000	626	0.0318264
14	28000	637	0.0323857
14	32000	628	0.0319281
14	36000	627	0.0318773
14	40000	627	0.0318773
14	44000	630	0.0320298
14	48000	616	0.031318
14	52000	619	0.0314705
14	56000	635	0.032284
14	60000	617	0.0313688
14	64000	624	0.0317247
14	68000	627	0.0318773
14	72000	626	0.0318264
14	76000	639	0.0324873
14	80000	624	0.0317247
14	84000	629	0.0319789
14	88000	635	0.032284
14	92000	637	0.0323857
14	96000	637	0.0323857
14	100000	619	0.0314705
14	104000	631	0.0320806
14	108000	628	0.0319281
14	112000	636	0.0323348
14	116000	627	0.0318773
14	120000	640	0.0325382
14	124000	627	0.0318773
14	128000	625	0.0317756
14	132000	624	0.0317247
14	136000	626	0.0318264
14	140000	633	0.0321823
14	144000	619	0.0314705
14	148000	630	0.0320298
14	152000	624	0.0317247
14	156000	640	0.0325382
14	160000	626	0.0318264
14	164000	627	0.0318773
14	168000	628	0.0319281
14	172000	615	0.0312672
14	176000	632	0.0321315
14	180000	631	0.0320806
14	184000	630	0.0320298
14	188000	625	0.0317756
14	192000	631	0.0320806
14	196000	617	0.0313688
14	200000	632	0.0321315
14	204000	632	0.0321315
14	208000	626	0.0318264
14	212000	628	0.0319281
14	216000	617	0.0313688
14	220000	631	0.0320806
14	224000	625	0.0317756
14	228000	618	0.0314197
14	232000	621	0.0315722
14	236000	629	0.0319789
14	240000	620	0.0315214
14	244000	623	0.0316739
14	248000	628	0.0319281
14	252000	636	0.0323348
14	256000	618	0.0314197
14	260000	654	0.03325
14	264000	618	0.0314197
14	268000	629	0.0319789
14	272000	637	0.0323857
14	276000	633	0.0321823
14	280000	627	0.0318773
14	284000	621	0.0315722
14	288000	617	0.0313688
14	292000	630	0.0320298
14	296000	632	0.0321315
14	300000	627	0.0318773
14	304000	628	0.0319281
14	308000	620	0.0315214
14	312000	623	0.0316739
14	316000	627	0.0318773
14	320000	615	0.0312672
14	324000	634	0.0322331
14	328000	629	0.0319789
14	332000	628	0.0319281
14	336000	624	0.0317247
14	340000	626	0.0318264
14	344000	621	0.0315722
14	348000	631	0.0320806
14	352000	616	0.031318
14	356000	622	0.0316231
14	360000	627	0.0318773
14	364000	605	0.0307588
14	368000	612	0.0311146
14	372000	631	0.0320806
14	376000	629	0.0319789
14	380000	636	0.0323348
14	384000	627	0.0318773
14	388000	622	0.0316231
14	392000	634	0.0322331
14	396000	621	0.0315722
14	400000	629	0.0319789
15	0	624	0.0317247
15	4000	625	0.0317756
15	8000	632	0.0321315
15	12000	626	0.0318264
15	16000	614	0.0312163
15	20000	622	0.0316231
15	24000	627	0.0318773
15	28000	626	0.0318264
15	32000	635	0.032284
15	36000	618	0.0314197
15	40000	623	0.0316739
15	44000	637	0.0323857
15	48000	628	0.0319281
15	52000	609	0.0309621
15	56000	625	0.0317756
15	60000	612	0.0311146
15	64000	620	0.0315214
15	68000	642	0.0326399
15	72000	624	0.0317247
15	76000	634	0.0322331
15	80000	623	0.0316739
15	84000	611	0.0310638
15	88000	625	0.0317756
15	92000	638	0.0324365
15	96000	623	0.0316739
15	100000	632	0.0321315
15	104000	630	0.0320298
15	108000	623	0.0316739
15	112000	622	0.0316231
15	116000	632	0.0321315
15	120000	614	0.0312163
15	124000	627	0.0318773
15	128000	637	0.0323857
15	132000	624	0.0317247
15	136000	615	0.0312672
15	140000	640	0.0325382
15	144000	633	0.0321823
15	148000	631	0.0320806
15	152000	626	0.0318264
15	156000	621	0.0315722
15	160000	644	0.0327416
15	164000	627	0.0318773
15	168000	636	0.0323348
15	172000	623	0.0316739
15	176000	639	0.0324873
15	180000	640	0.0325382
15	184000	630	0.0320298
15	188000	631	0.0320806
15	192000	627	0.0318773
15	196000	632	0.0321315
15	200000	624	0.0317247
15	204000	630	0.0320298
15	208000	619	0.0314705
15	212000	628	0.0319281
15	216000	629	0.0319789
15	220000	626	0.0318264
15	224000	629	0.0319789
15	228000	635	0.032284
15	232000	617	0.0313688
15	236000	639	0.0324873
15	240000	630	0.0320298
15	244000	625	0.0317756
15	248000	624	0.0317247
15	252000	635	0.032284
15	256000	635	0.032284
15	260000	627	0.0318773
15	264000	633	0.0321823
15	268000	638	0.0324365
15	272000	626	0.0318264
15	276000	645	0.0327924
15	280000	631	0.0320806
15	284000	639	0.0324873
15	288000	628	0.0319281
15	292000	635	0.032284
15	296000	627	0.0318773
15	300000	632	0.0321315
15	304000	630	0.0320298
15	308000	630	0.0320298
15	312000	633	0.0321823
15	316000	626	0.0318264
15	320000	616	0.031318
15	324000	624	0.0317247
15	328000	624	0.0317247
15	332000	630	0.0320298
15	336000	647	0.0328941
15	340000	630	0.0320298
15	344000	623	0.0316739
15	348000	629	0.0319789
15	352000	624	0.0317247
15	356000	634	0.0322331
15	360000	617	0.0313688
15	364000	629	0.0319789
15	368000	629	0.0319789
15	372000	618	0.0314197
15	376000	630	0.0320298
15	380000	622	0.0316231
15	384000	631	0.0320806
15	388000	627	0.0318773
15	392000	638	0.0324365
15	396000	631	0.0320806
15	400000	620	0.0315214
16	0	624	0.0317247
16	4000	625	0.0317756
16	8000	632	0.0321315
16	12000	629	0.0319789
16	16000	628	0.0319281
16	20000	622	0.0316231
16	24000	634	0.0322331
16	28000	624	0.0317247
16	32000	624	0.0317247
16	36000	626	0.0318264
16	40000	630	0.0320298
16	44000	616	0.031318
16	48000	628	0.0319281
16	52000	617	0.0313688
16	56000	621	0.0315722
16	60000	625	0.0317756
16	64000	631	0.0320806
16	68000	625	0.0317756
16	72000	617	0.0313688
16	76000	624	0.0317247
16	80000	616	0.031318
16	84000	615	0.0312672
16	88000	621	0.0315722
16	92000	625	0.0317756
16	96000	631	0.0320806
16	100000	628	0.0319281
16	104000	617	0.0313688
16	108000	631	0.0320806
16	112000	634	0.0322331
16	116000	615	0.0312672
16	120000	618	0.0314197
16	124000	634	0.0322331
16	128000	629	0.0319789
16	132000	625	0.0317756
16	136000	636	0.0323348
16	140000	642	0.0326399
16	144000	645	0.0327924
16	148000	630	0.0320298
16	152000	635	0.032284
16	156000	615	0.0312672
16	160000	619	0.0314705
16	164000	631	0.0320806
16	168000	625	0.0317756
16	172000	637	0.0323857
16	176000	631	0.0320806
16	180000	630	0.0320298
16	184000	617	0.0313688
16	188000	616	0.031318
16	192000	632	0.0321315
16	196000	635	0.032284
16	200000	627	0.0318773
16	204000	624	0.0317247
16	208000	626	0.0318264
16	212000	628	0.0319281
16	216000	626	0.0318264
16	220000	626	0.0318264
16	224000	628	0.0319281
16	228000	617	0.0313688
16	232000	624	0.0317247
16	236000	614	0.0312163
16	240000	638	0.0324365
16	244000	646	0.0328432
16	248000	635	0.032284
16	252000	627	0.0318773
16	256000	628	0.0319281
16	260000	619	0.0314705
16	264000	628	0.0319281
16	268000	615	0.0312672
16	272000	630	0.0320298
16	276000	632	0.0321315
16	280000	629	0.0319789
16	284000	622	0.0316231
16	288000	609	0.0309621
16	292000	636	0.0323348
16	296000	627	0.0318773
16	300000	620	0.0315214
16	304000	634	0.0322331
16	308000	626	0.0318264
16	312000	630	0.0320298
16	316000	620	0.0315214
16	320000	641	0.032589
16	324000	626	0.0318264
16	328000	620	0.0315214
16	332000	622	0.0316231
16	336000	633	0.0321823
16	340000	631	0.0320806
16	344000	628	0.0319281
16	348000	629	0.0319789
16	352000	633	0.0321823
16	356000	635	0.032284
16	360000	630	0.0320298
16	364000	626	0.0318264
16	368000	609	0.0309621
16	372000	637	0.0323857
16	376000	630	0.0320298
16	380000	623	0.0316739
16	384000	624	0.0317247
16	388000	637	0.0323857
16	392000	629	0.0319789
16	396000	630	0.0320298
16	400000	627	0.0318773
17	0	623	0.0316739
17	4000	627	0.0318773
17	8000	617	0.0313688
17	12000	636	0.0323348
17	16000	626	0.0318264
17	20000	633	0.0321823
17	24000	631	0.0320806
17	28000	636	0.0323348
17	32000	625	0.0317756
17	36000	649	0.0329958
17	40000	620	0.0315214
17	44000	625	0.0317756
17	48000	624	0.0317247
17	52000	631	0.0320806
17	56000	642	0.0326399
17	60000	613	0.0311655
17	64000	641	0.032589
17	68000	633	0.0321823
17	72000	620	0.0315214
17	76000	635	0.032284
17	80000	630	0.0320298
17	84000	619	0.0314705
17	88000	634	0.0322331
17	92000	626	0.0318264
17	96000	623	0.0316739
17	100000	627	0.0318773
17	104000	623	0.0316739
17	108000	621	0.0315722
17	112000	622	0.0316231
17	116000	620	0.0315214
17	120000	619	0.0314705
17	124000	609	0.0309621
17	128000	627	0.0318773
17	132000	615	0.0312672
17	136000	621	0.0315722
17	140000	629	0.0319789
17	144000	630	0.0320298
17	148000	631	0.0320806
17	152000	627	0.0318773
17	156000	634	0.0322331
17	160000	631	0.0320806
17	164000	631	0.0320806
17	168000	631	0.0320806
17	172000	627	0.0318773
17	176000	621	0.0315722
17	180000	641	0.032589
17	184000	630	0.0320298
17	188000	618	0.0314197
17	192000	625	0.0317756
17	196000	614	0.0312163
17	200000	626	0.0318264
17	204000	648	0.0329449
17	208000	629	0.0319789
17	212000	631	0.0320806
17	216000	627	0.0318773
17	220000	629	0.0319789
17	224000	632	0.0321315
17	228000	624	0.0317247
17	232000	618	0.0314197
17	236000	625	0.0317756
17	240000	629	0.0319789
17	244000	636	0.0323348
17	248000	614	0.0312163
17	252000	629	0.0319789
17	256000	628	0.0319281
17	260000	627	0.0318773
17	264000	637	0.0323857
17	268000	629	0.0319789
17	272000	630	0.0320298
17	276000	627	0.0318773
17	280000	626	0.0318264
17	284000	627	0.0318773
17	288000	628	0.0319281
17	292000	626	0.0318264
17	296000	631	0.0320806
17	300000	634	0.0322331
17	304000	627	0.0318773
17	308000	622	0.0316231
17	312000	642	0.0326399
17	316000	623	0.0316739
17	320000	616	0.031318
17	324000	621	0.0315722
17	328000	632	0.0321315
17	332000	623	0.0316739
17	336000	627	0.0318773
17	340000	627	0.0318773
17	344000	631	0.0320806
17	348000	620	0.0315214
17	352000	623	0.0316739
17	356000	626	0.0318264
17	360000	626	0.0318264
17	364000	630	0.0320298
17	368000	633	0.0321823
17	372000	624	0.0317247
17	376000	629	0.0319789
17	380000	625	0.0317756
17	384000	629	0.0319789
17	388000	624	0.0317247
17	392000	631	0.0320806
17	396000	614	0.0312163
17	400000	635	0.032284
18	0	625	0.0317756
18	4000	637	0.0323857
18	8000	624	0.0317247
18	12000	617	0.0313688
18	16000	636	0.0323348
18	20000	633	0.0321823
18	24000	629	0.0319789
18	28000	625	0.0317756
18	32000	617	0.0313688
18	36000	638	0.0324365
18	40000	609	0.0309621
18	44000	622	0.0316231
18	48000	622	0.0316231
18	52000	633	0.0321823
18	56000	620	0.0315214
18	60000	640	0.0325382
18	64000	628	0.0319281
18	68000	627	0.0318773
18	72000	624	0.0317247
18	76000	642	0.0326399
18	80000	632	0.0321315
18	84000	625	0.0317756
18	88000	625	0.0317756
18	92000	629	0.0319789
18	96000	633	0.0321823
18	100000	630	0.0320298
18	104000	621	0.0315722
18	108000	630	0.0320298
18	112000	620	0.0315214
18	116000	620	0.0315214
18	120000	622	0.0316231
18	124000	632	0.0321315
18	128000	623	0.0316739
18	132000	628	0.0319281
18	136000	617	0.0313688
18	140000	638	0.0324365
18	144000	633	0.0321823
18	148000	627	0.0318773
18	152000	629	0.0319789
18	156000	638	0.0324365
18	160000	624	0.0317247
18	164000	624	0.0317247
18	168000	634	0.0322331
18	172000	615	0.0312672
18	176000	602	0.0306062
18	180000	634	0.0322331
18	184000	638	0.0324365
18	188000	626	0.0318264
18	192000	623	0.0316739
18	196000	624	0.0317247
18	200000	645	0.0327924
18	204000	630	0.0320298
18	208000	623	0.0316739
18	212000	635	0.032284
18	216000	620	0.0315214
18	220000	614	0.0312163
18	224000	620	0.0315214
18	228000	628	0.0319281
18	232000	619	0.0314705
18	236000	615	0.0312672
18	240000	628	0.0319281
18	244000	633	0.0321823
18	248000	628	0.0319281
18	252000	622	0.0316231
18	256000	623	0.0316739
18	260000	617	0.0313688
18	264000	629	0.0319789
18	268000	631	0.0320806
18	272000	635	0.032284
18	276000	623	0.0316739
18	280000	622	0.0316231
18	284000	640	0.0325382
18	288000	630	0.0320298
18	292000	627	0.0318773
18	296000	622	0.0316231
18	300000	630	0.0320298
18	304000	630	0.0320298
18	308000	618	0.0314197
18	312000	629	0.0319789
18	316000	627	0.0318773
18	320000	619	0.0314705
18	324000	631	0.0320806
18	328000	629	0.0319789
18	332000	629	0.0319789
18	336000	623	0.0316739
18	340000	631	0.0320806
18	344000	619	0.0314705
18	348000	624	0.0317247
18	352000	622	0.0316231
18	356000	624	0.0317247
18	360000	632	0.0321315
18	364000	639	0.0324873
18	368000	638	0.0324365
18	372000	623	0.0316739
18	376000	634	0.0322331
18	380000	614	0.0312163
18	384000	637	0.0323857
18	388000	630	0.0320298
18	392000	627	0.0318773
18	396000	623	0.0316739
18	400000	623	0.0316739
19	0	637	0.0323857
19	4000	620	0.0315214
19	8000	624	0.0317247
19	12000	634	0.0322331
19	16000	627	0.0318773
19	20000	632	0.0321315
19	24000	633	0.0321823
19	28000	639	0.0324873
19	32000	637	0.0323857
19	36000	620	0.0315214
19	40000	631	0.0320806
19	44000	623	0.0316739
19	48000	614	0.0312163
19	52000	624	0.0317247
19	56000	622	0.0316231
19	60000	635	0.032284
19	64000	628	0.0319281
19	68000	632	0.0321315
19	72000	639	0.0324873
19	76000	636	0.0323348
19	80000	622	0.0316231
19	84000	630	0.0320298
19	88000	623	0.0316739
19	92000	627	0.0318773
19	96000	631	0.0320806
19	100000	618	0.0314197
19	104000	621	0.0315722
19	108000	619	0.0314705
19	112000	618	0.0314197
19	116000	633	0.0321823
19	120000	628	0.0319281
19	124000	617	0.0313688
19	128000	635	0.032284
19	132000	632	0.0321315
19	136000	630	0.0320298
19	140000	618	0.0314197
19	144000	637	0.0323857
19	148000	630	0.0320298
19	152000	621	0.0315722
19	156000	629	0.0319789
19	160000	634	0.0322331
19	164000	640	0.0325382
19	168000	620	0.0315214
19	172000	622	0.0316231
19	176000	633	0.0321823
19	180000	626	0.0318264
19	184000	612	0.0311146
19	188000	622	0.0316231
19	192000	626	0.0318264
19	196000	624	0.0317247
19	200000	628	0.0319281
19	204000	607	0.0308604
19	208000	646	0.0328432
19	212000	639	0.0324873
19	216000	623	0.0316739
19	220000	636	0.0323348
19	224000	624	0.0317247
19	228000	623	0.0316739
19	232000	644	0.0327416
19	236000	619	0.0314705
19	240000	630	0.0320298
19	244000	631	0.0320806
19	248000	627	0.0318773
19	252000	632	0.0321315
19	256000	629	0.0319789
19	260000	624	0.0317247
19	264000	622	0.0316231
19	268000	634	0.0322331
19	272000	626	0.0318264
19	276000	622	0.0316231
19	280000	626	0.0318264
19	284000	629	0.0319789
19	288000	618	0.0314197
19	292000	641	0.032589
19	296000	623	0.0316739
19	300000	636	0.0323348
19	304000	616	0.031318
19	308000	615	0.0312672
19	312000	624	0.0317247
19	316000	646	0.0328432
19	320000	621	0.0315722
19	324000	624	0.0317247
19	328000	631	0.0320806
19	332000	631	0.0320806
19	336000	633	0.0321823
19	340000	624	0.0317247
19	344000	639	0.0324873
19	348000	640	0.0325382
19	352000	651	0.0330974
19	356000	639	0.0324873
19	360000	629	0.0319789
19	364000	627	0.0318773
19	368000	638	0.0324365
19	372000	637	0.0323857
19	376000	645	0.0327924
19	380000	628	0.0319281
19	384000	625	0.0317756
19	388000	620	0.0315214
19	392000	615	0.0312672
19	396000	626	0.0318264
19	400000	630	0.0320298
20	0	615	0.0312672
20	4000	619	0.0314705
20	8000	621	0.0315722
20	12000	626	0.0318264
20	16000	627	0.0318773
20	20000	636	0.0323348
20	24000	631	0.0320806
20	28000	620	0.0315214
20	32000	622	0.0316231
20	36000	635	0.032284
20	40000	626	0.0318264
20	44000	618	0.0314197
20	48000	637	0.0323857
20	52000	619	0.0314705
20	56000	625	0.0317756
20	60000	626	0.0318264
20	64000	623	0.0316739
20	68000	622	0.0316231
20	72000	619	0.0314705
20	76000	622	0.0316231
20	80000	622	0.0316231
20	84000	629	0.0319789
20	88000	631	0.0320806
20	92000	638	0.0324365
20	96000	629	0.0319789
20	100000	628	0.0319281
20	104000	635	0.032284
20	108000	620	0.0315214
20	112000	621	0.0315722
20	116000	632	0.0321315
20	120000	629	0.0319789
20	124000	632	0.0321315
20	128000	628	0.0319281
20	132000	628	0.0319281
20	136000	628	0.0319281
20	140000	621	0.0315722
20	144000	617	0.0313688
20	148000	629	0.0319789
20	152000	632	0.0321315
20	156000	644	0.0327416
20	160000	609	0.0309621
20	164000	638	0.0324365
20	168000	637	0.0323857
20	172000	633	0.0321823
20	176000	636	0.0323348
20	180000	623	0.0316739
20	184000	618	0.0314197
20	188000	615	0.0312672
20	192000	636	0.0323348
20	196000	634	0.0322331
20	200000	627	0.0318773
20	204000	630	0.0320298
20	208000	626	0.0318264
20	212000	632	0.0321315
20	216000	626	0.0318264
20	220000	629	0.0319789
20	224000	629	0.0319789
20	228000	616	0.031318
20	232000	619	0.0314705
20	236000	629	0.0319789
20	240000	634	0.0322331
20	244000	627	0.0318773
20	248000	638	0.0324365
20	252000	626	0.0318264
20	256000	637	0.0323857
20	260000	630	0.0320298
20	264000	629	0.0319789
20	268000	628	0.0319281
20	272000	616	0.031318
20	276000	631	0.0320806
20	280000	621	0.0315722
20	284000	630	0.0320298
20	288000	632	0.0321315
20	292000	641	0.032589
20	296000	632	0.0321315
20	300000	626	0.0318264
20	304000	628	0.0319281
20	308000	625	0.0317756
20	312000	627	0.0318773
20	316000	620	0.0315214
20	320000	617	0.0313688
20	324000	628	0.0319281
20	328000	632	0.0321315
20	332000	635	0.032284
20	336000	626	0.0318264
20	340000	636	0.0323348
20	344000	633	0.0321823
20	348000	616	0.031318
20	352000	622	0.0316231
20	356000	628	0.0319281
20	360000	618	0.0314197
20	364000	620	0.0315214
20	368000	629	0.0319789
20	372000	631	0.0320806
20	376000	628	0.0319281
20	380000	620	0.0315214
20	384000	639	0.0324873
20	388000	629	0.0319789
20	392000	631	0.0320806
20	396000	625	0.0317756
20	400000	618	0.0314197
21	0	643	0.0326907
21	4000	624	0.0317247
21	8000	634	0.0322331
21	12000	616	0.031318
21	16000	631	0.0320806
21	20000	626	0.0318264
21	24000	633	0.0321823
21	28000	628	0.0319281
21	32000	634	0.0322331
21	36000	626	0.0318264
21	40000	636	0.0323348
21	44000	635	0.032284
21	48000	625	0.0317756
21	52000	619	0.0314705
21	56000	626	0.0318264
21	60000	630	0.0320298
21	64000	632	0.0321315
21	68000	630	0.0320298
21	72000	641	0.032589
21	76000	638	0.0324365
21	80000	632	0.0321315
21	84000	623	0.0316739
21	88000	622	0.0316231
21	92000	626	0.0318264
21	96000	631	0.0320806
21	100000	628	0.0319281
21	104000	627	0.0318773
21	108000	617	0.0313688
21	112000	644	0.0327416
21	116000	628	0.0319281
21	120000	643	0.0326907
21	124000	630	0.0320298
21	128000	636	0.0323348
21	132000	633	0.0321823
21	136000	638	0.0324365
21	140000	632	0.0321315
21	144000	621	0.0315722
21	148000	612	0.0311146
21	152000	631	0.0320806
21	156000	635	0.032284
21	160000	627	0.0318773
21	164000	635	0.032284
21	168000	631	0.0320806
21	172000	627	0.0318773
21	176000	625	0.0317756
21	180000	629	0.0319789
21	184000	623	0.0316739
21	188000	629	0.0319789
21	192000	629	0.0319789
21	196000	630	0.0320298
21	200000	635	0.032284
21	204000	630	0.0320298
21	208000	620	0.0315214
21	212000	628	0.0319281
21	216000	621	0.0315722
21	220000	637	0.0323857
21	224000	627	0.0318773
21	228000	630	0.0320298
21	232000	640	0.0325382
21	236000	630	0.0320298
21	240000	632	0.0321315
21	244000	638	0.0324365
21	248000	631	0.0320806
21	252000	619	0.0314705
21	256000	618	0.0314197
21	260000	624	0.0317247
21	264000	633	0.0321823
21	268000	642	0.0326399
21	272000	625	0.0317756
21	276000	610	0.031013
21	280000	646	0.0328432
21	284000	637	0.0323857
21	288000	632	0.0321315
21	292000	624	0.0317247
21	296000	632	0.0321315
21	300000	630	0.0320298
21	304000	629	0.0319789
21	308000	627	0.0318773
21	312000	628	0.0319281
21	316000	640	0.0325382
21	320000	636	0.0323348
21	324000	630	0.0320298
21	328000	614	0.0312163
21	332000	635	0.032284
21	336000	634	0.0322331
21	340000	630	0.0320298
21	344000	624	0.0317247
21	348000	618	0.0314197
21	352000	624	0.0317247
21	356000	632	0.0321315
21	360000	620	0.0315214
21	364000	626	0.0318264
21	368000	628	0.0319281
21	372000	619	0.0314705
21	376000	632	0.0321315
21	380000	628	0.0319281
21	384000	634	0.0322331
21	388000	647	0.0328941
21	392000	635	0.032284
21	396000	624	0.0317247
21	400000	614	0.0312163
22	0	617	0.0313688
22	4000	634	0.0322331
22	8000	627	0.0318773
22	12000	626	0.0318264
22	16000	644	0.0327416
22	20000	626	0.0318264
22	24000	631	0.0320806
22	28000	626	0.0318264
22	32000	637	0.0323857
22	36000	611	0.0310638
22	40000	626	0.0318264
22	44000	633	0.0321823
22	48000	618	0.0314197
22	52000	619	0.0314705
22	56000	622	0.0316231
22	60000	630	0.0320298
22	64000	624	0.0317247
22	68000	633	0.0321823
22	72000	605	0.0307588
22	76000	629	0.0319789
22	80000	619	0.0314705
22	84000	618	0.0314197
22	88000	631	0.0320806
22	92000	631	0.0320806
22	96000	612	0.0311146
22	100000	633	0.0321823
22	104000	625	0.0317756
22	108000	617	0.0313688
22	112000	629	0.0319789
22	116000	631	0.0320806
22	120000	626	0.0318264
22	124000	617	0.0313688
22	128000	621	0.0315722
22	132000	622	0.0316231
22	136000	627	0.0318773
22	140000	624	0.0317247
22	144000	624	0.0317247
22	148000	633	0.0321823
22	152000	634	0.0322331
22	156000	625	0.0317756
22	160000	607	0.0308604
22	164000	618	0.0314197
22	168000	632	0.0321315
22	172000	630	0.0320298
22	176000	622	0.0316231
22	180000	624	0.0317247
22	184000	629	0.0319789
22	188000	618	0.0314197
22	192000	635	0.032284
22	196000	627	0.0318773
22	200000	631	0.0320806
22	204000	627	0.0318773
22	208000	635	0.032284
22	212000	626	0.0318264
22	216000	613	0.0311655
22	220000	623	0.0316739
22	224000	628	0.0319281
22	228000	615	0.0312672
22	232000	615	0.0312672
22	236000	643	0.0326907
22	240000	631	0.0320806
22	244000	620	0.0315214
22	248000	646	0.0328432
22	252000	619	0.0314705
22	256000	629	0.0319789
22	260000	624	0.0317247
22	264000	617	0.0313688
22	268000	623	0.0316739
22	272000	619	0.0314705
22	276000	629	0.0319789
22	280000	633	0.0321823
22	284000	638	0.0324365
22	288000	629	0.0319789
22	292000	625	0.0317756
22	296000	634	0.0322331
22	300000	627	0.0318773
22	304000	631	0.0320806
22	308000	632	0.0321315
22	312000	644	0.0327416
22	316000	621	0.0315722
22	320000	613	0.0311655
22	324000	614	0.0312163
22	328000	616	0.031318
22	332000	637	0.0323857
22	336000	632	0.0321315
22	340000	634	0.0322331
22	344000	626	0.0318264
22	348000	636	0.0323348
22	352000	620	0.0315214
22	356000	629	0.0319789
22	360000	624	0.0317247
22	364000	631	0.0320806
22	368000	622	0.0316231
22	372000	629	0.0319789
22	376000	634	0.0322331
22	380000	633	0.0321823
22	384000	643	0.0326907
22	388000	634	0.0322331
22	392000	639	0.0324873
22	396000	622	0.0316231
22	400000	631	0.0320806
23	0	634	0.0322331
23	4000	631	0.0320806
23	8000	628	0.0319281
23	12000	631	0.0320806
23	16000	634	0.0322331
23	20000	616	0.031318
23	24000	622	0.0316231
23	28000	630	0.0320298
23	32000	631	0.0320806
23	36000	635	0.032284
23	40000	618	0.0314197
23	44000	616	0.031318
23	48000	631	0.0320806
23	52000	631	0.0320806
23	56000	614	0.0312163
23	60000	622	0.0316231
23	64000	630	0.0320298
23	68000	630	0.0320298
23	72000	635	0.032284
23	76000	626	0.0318264
23	80000	616	0.031318
23	84000	622	0.0316231
23	88000	635	0.032284
23	92000	637	0.0323857
23	96000	628	0.0319281
23	100000	625	0.0317756
23	104000	636	0.0323348
23	108000	625	0.0317756
23	112000	636	0.0323348
23	116000	627	0.0318773
23	120000	634	0.0322331
23	124000	631	0.0320806
23	128000	626	0.0318264
23	132000	629	0.0319789
23	136000	633	0.0321823
23	140000	635	0.032284
23	144000	631	0.0320806
23	148000	623	0.0316739
23	152000	618	0.0314197
23	156000	628	0.0319281
23	160000	622	0.0316231
23	164000	630	0.0320298
23	168000	629	0.0319789
23	172000	625	0.0317756
23	176000	630	0.0320298
23	180000	636	0.0323348
23	184000	614	0.0312163
23	188000	621	0.0315722
23	192000	621	0.0315722
23	196000	638	0.0324365
23	200000	621	0.0315722
23	204000	634	0.0322331
23	208000	633	0.0321823
23	212000	634	0.0322331
23	216000	626	0.0318264
23	220000	621	0.0315722
23	224000	618	0.0314197
23	228000	617	0.0313688
23	232000	640	0.0325382
23	236000	633	0.0321823
23	240000	619	0.0314705
23	244000	624	0.0317247
23	248000	630	0.0320298
23	252000	636	0.0323348
23	256000	621	0.0315722
23	260000	628	0.0319281
23	264000	625	0.0317756
23	268000	631	0.0320806
23	272000	627	0.0318773
23	276000	629	0.0319789
23	280000	625	0.0317756
23	284000	623	0.0316739
23	288000	632	0.0321315
23	292000	618	0.0314197
23	296000	625	0.0317756
23	300000	622	0.0316231
23	304000	627	0.0318773
23	308000	632	0.0321315
23	312000	639	0.0324873
23	316000	617	0.0313688
23	320000	623	0.0316739
23	324000	637	0.0323857
23	328000	623	0.0316739
23	332000	631	0.0320806
23	336000	640	0.0325382
23	340000	639	0.0324873
23	344000	625	0.0317756
23	348000	640	0.0325382
23	352000	635	0.032284
23	356000	619	0.0314705
23	360000	638	0.0324365
23	364000	631	0.0320806
23	368000	629	0.0319789
23	372000	627	0.0318773
23	376000	623	0.0316739
23	380000	623	0.0316739
23	384000	632	0.0321315
23	388000	620	0.0315214
23	392000	627	0.0318773
23	396000	619	0.0314705
23	400000	632	0.0321315
24	0	634	0.0322331
24	4000	627	0.0318773
24	8000	628	0.0319281
24	12000	619	0.0314705
24	16000	624	0.0317247
24	20000	622	0.0316231
24	24000	635	0.032284
24	28000	620	0.0315214
24	32000	633	0.0321823
24	36000	625	0.0317756
24	40000	640	0.0325382
24	44000	624	0.0317247
24	48000	628	0.0319281
24	52000	628	0.0319281
24	56000	639	0.0324873
24	60000	617	0.0313688
24	64000	622	0.0316231
24	68000	644	0.0327416
24	72000	620	0.0315214
24	76000	615	0.0312672
24	80000	618	0.0314197
24	84000	630	0.0320298
24	88000	630	0.0320298
24	92000	641	0.032589
24	96000	622	0.0316231
24	100000	627	0.0318773
24	104000	632	0.0321315
24	108000	622	0.0316231
24	112000	616	0.031318
24	116000	618	0.0314197
24	120000	635	0.032284
24	124000	620	0.0315214
24	128000	622	0.0316231
24	132000	620	0.0315214
24	136000	620	0.0315214
24	140000	625	0.0317756
24	144000	633	0.0321823
24	148000	627	0.0318773
24	152000	631	0.0320806
24	156000	635	0.032284
24	160000	629	0.0319789
24	164000	633	0.0321823
24	168000	636	0.0323348
24	172000	621	0.0315722
24	176000	625	0.0317756
24	180000	613	0.0311655
24	184000	630	0.0320298
24	188000	623	0.0316739
24	192000	624	0.0317247
24	196000	627	0.0318773
24	200000	627	0.0318773
24	204000	639	0.0324873
24	208000	627	0.0318773
24	212000	621	0.0315722
24	216000	626	0.0318264
24	220000	608	0.0309113
24	224000	617	0.0313688
24	228000	634	0.0322331
24	232000	621	0.0315722
24	236000	624	0.0317247
24	240000	615	0.0312672
24	244000	641	0.032589
24	248000	619	0.0314705
24	252000	637	0.0323857
24	256000	636	0.0323348
24	260000	627	0.0318773
24	264000	638	0.0324365
24	268000	629	0.0319789
24	272000	623	0.0316739
24	276000	636	0.0323348
24	280000	645	0.0327924
24	284000	625	0.0317756
24	288000	619	0.0314705
24	292000	626	0.0318264
24	296000	609	0.0309621
24	300000	634	0.0322331
24	304000	622	0.0316231
24	308000	637	0.0323857
24	312000	631	0.0320806
24	316000	634	0.0322331
24	320000	625	0.0317756
24	324000	628	0.0319281
24	328000	616	0.031318
24	332000	633	0.0321823
24	336000	627	0.0318773
24	340000	627	0.0318773
24	344000	624	0.0317247
24	348000	613	0.0311655
24	352000	625	0.0317756
24	356000	624	0.0317247
24	360000	623	0.0316739
24	364000	629	0.0319789
24	368000	615	0.0312672
24	372000	621	0.0315722
24	376000	620	0.0315214
24	380000	629	0.0319789
24	384000	634	0.0322331
24	388000	637	0.0323857
24	392000	634	0.0322331
24	396000	619	0.0314705
24	400000	630	0.0320298
25	0	632	0.0321315
25	4000	642	0.0326399
25	8000	621	0.0315722
25	12000	625	0.0317756
25	16000	625	0.0317756
25	20000	626	0.0318264
25	24000	622	0.0316231
25	28000	640	0.0325382
25	32000	640	0.0325382
25	36000	627	0.0318773
25	40000	613	0.0311655
25	44000	632	0.0321315
25	48000	632	0.0321315
25	52000	618	0.0314197
25	56000	635	0.032284
25	60000	632	0.0321315
25	64000	630	0.0320298
25	68000	630	0.0320298
25	72000	629	0.0319789
25	76000	624	0.0317247
25	80000	633	0.0321823
25	84000	626	0.0318264
25	88000	617	0.0313688
25	92000	621	0.0315722
25	96000	636	0.0323348
25	100000	629	0.0319789
25	104000	628	0.0319281
25	108000	630	0.0320298
25	112000	625	0.0317756
25	116000	637	0.0323857
25	120000	626	0.0318264
25	124000	620	0.0315214
25	128000	620	0.0315214
25	132000	625	0.0317756
25	136000	636	0.0323348
25	140000	617	0.0313688
25	144000	632	0.0321315
25	148000	637	0.0323857
25	152000	633	0.0321823
25	156000	632	0.0321315
25	160000	622	0.0316231
25	164000	628	0.0319281
25	168000	626	0.0318264
25	172000	622	0.0316231
25	176000	619	0.0314705
25	180000	622	0.0316231
25	184000	614	0.0312163
25	188000	620	0.0315214
25	192000	614	0.0312163
25	196000	629	0.0319789
25	200000	629	0.0319789
25	204000	648	0.0329449
25	208000	624	0.0317247
25	212000	618	0.0314197
25	216000	626	0.0318264
25	220000	639	0.0324873
25	224000	616	0.031318
25	228000	630	0.0320298
25	232000	636	0.0323348
25	236000	636	0.0323348
25	240000	610	0.031013
25	244000	623	0.0316739
25	248000	615	0.0312672
25	252000	627	0.0318773
25	256000	620	0.0315214
25	260000	628	0.0319281
25	264000	633	0.0321823
25	268000	631	0.0320806
25	272000	630	0.0320298
25	276000	630	0.0320298
25	280000	629	0.0319789
25	284000	638	0.0324365
25	288000	627	0.0318773
25	292000	640	0.0325382
25	296000	638	0.0324365
25	300000	631	0.0320806
25	304000	639	0.0324873
25	308000	627	0.0318773
25	312000	633	0.0321823
25	316000	628	0.0319281
25	320000	615	0.0312672
25	324000	639	0.0324873
25	328000	627	0.0318773
25	332000	622	0.0316231
25	336000	636	0.0323348
25	340000	634	0.0322331
25	344000	633	0.0321823
25	348000	627	0.0318773
25	352000	635	0.032284
25	356000	623	0.0316739
25	360000	634	0.0322331
25	364000	635	0.032284
25	368000	611	0.0310638
25	372000	634	0.0322331
25	376000	628	0.0319281
25	380000	622	0.0316231
25	384000	632	0.0321315
25	388000	631	0.0320806
25	392000	607	0.0308604
25	396000	624	0.0317247
25	400000	636	0.0323348
26	0	626	0.0318264
26	4000	625	0.0317756
26	8000	629	0.0319789
26	12000	626	0.0318264
26	16000	636	0.0323348
26	20000	633	0.0321823
26	24000	621	0.0315722
26	28000	637	0.0323857
26	32000	628	0.0319281
26	36000	625	0.0317756
26	40000	620	0.0315214
26	44000	623	0.0316739
26	48000	622	0.0316231
26	52000	626	0.0318264
26	56000	632	0.0321315
26	60000	616	0.031318
26	64000	625	0.0317756
26	68000	635	0.032284
26	72000	623	0.0316739
26	76000	628	0.0319281
26	80000	628	0.0319281
26	84000	618	0.0314197
26	88000	618	0.0314197
26	92000	621	0.0315722
26	96000	628	0.0319281
26	100000	634	0.0322331
26	104000	617	0.0313688
26	108000	627	0.0318773
26	112000	613	0.0311655
26	116000	618	0.0314197
26	120000	636	0.0323348
26	124000	633	0.0321823
26	128000	624	0.0317247
26	132000	630	0.0320298
26	136000	615	0.0312672
26	140000	619	0.0314705
26	144000	630	0.0320298
26	148000	625	0.0317756
26	152000	625	0.0317756
26	156000	631	0.0320806
26	160000	632	0.0321315
26	164000	633	0.0321823
26	168000	623	0.0316739
26	172000	635	0.032284
26	176000	627	0.0318773
26	180000	619	0.0314705
26	184000	638	0.0324365
26	188000	635	0.032284
26	192000	619	0.0314705
26	196000	623	0.0316739
26	200000	630	0.0320298
26	204000	626	0.0318264
26	208000	627	0.0318773
26	212000	630	0.0320298
26	216000	622	0.0316231
26	220000	608	0.0309113
26	224000	644	0.0327416
26	228000	624	0.0317247
26	232000	631	0.0320806
26	236000	640	0.0325382
26	240000	608	0.0309113
26	244000	630	0.0320298
26	248000	625	0.0317756
26	252000	620	0.0315214
26	256000	626	0.0318264
26	260000	618	0.0314197
26	264000	623	0.0316739
26	268000	632	0.0321315
26	272000	631	0.0320806
26	276000	636	0.0323348
26	280000	629	0.0319789
26	284000	625	0.0317756
26	288000	627	0.0318773
26	292000	621	0.0315722
26	296000	636	0.0323348
26	300000	638	0.0324365
26	304000	607	0.0308604
26	308000	614	0.0312163
26	312000	632	0.0321315
26	316000	632	0.0321315
26	320000	634	0.0322331
26	324000	611	0.0310638
26	328000	622	0.0316231
26	332000	630	0.0320298
26	336000	626	0.0318264
26	340000	620	0.0315214
26	344000	625	0.0317756
26	348000	618	0.0314197
26	352000	615	0.0312672
26	356000	616	0.031318
26	360000	641	0.032589
26	364000	636	0.0323348
26	368000	632	0.0321315
26	372000	622	0.0316231
26	376000	628	0.0319281
26	380000	628	0.0319281
26	384000	620	0.0315214
26	388000	628	0.0319281
26	392000	636	0.0323348
26	396000	629	0.0319789
26	400000	636	0.0323348
27	0	618	0.0314197
27	4000	625	0.0317756
27	8000	615	0.0312672
27	12000	620	0.0315214
27	16000	615	0.0312672
27	20000	623	0.0316739
27	24000	624	0.0317247
27	28000	634	0.0322331
27	32000	621	0.0315722
27	36000	643	0.0326907
27	40000	635	0.032284
27	44000	622	0.0316231
27	48000	626	0.0318264
27	52000	618	0.0314197
27	56000	627	0.0318773
27	60000	635	0.032284
27	64000	613	0.0311655
27	68000	622	0.0316231
27	72000	629	0.0319789
27	76000	631	0.0320806
27	80000	621	0.0315722
27	84000	633	0.0321823
27	88000	630	0.0320298
27	92000	621	0.0315722
27	96000	620	0.0315214
27	100000	625	0.0317756
27	104000	628	0.0319281
27	108000	613	0.0311655
27	112000	630	0.0320298
27	116000	617	0.0313688
27	120000	626	0.0318264
27	124000	637	0.0323857
27	128000	624	0.0317247
27	132000	637	0.0323857
27	136000	615	0.0312672
27	140000	629	0.0319789
27	144000	605	0.0307588
27	148000	615	0.0312672
27	152000	622	0.0316231
27	156000	627	0.0318773
27	160000	629	0.0319789
27	164000	638	0.0324365
27	168000	632	0.0321315
27	172000	615	0.0312672
27	176000	625	0.0317756
27	180000	625	0.0317756
27	184000	625	0.0317756
27	188000	629	0.0319789
27	192000	626	0.0318264
27	196000	626	0.0318264
27	200000	621	0.0315722
27	204000	627	0.0318773
27	208000	617	0.0313688
27	212000	624	0.0317247
27	216000	621	0.0315722
27	220000	635	0.032284
27	224000	632	0.0321315
27	228000	633	0.0321823
27	232000	632	0.0321315
27	236000	612	0.0311146
27	240000	624	0.0317247
27	244000	633	0.0321823
27	248000	623	0.0316739
27	252000	634	0.0322331
27	256000	627	0.0318773
27	260000	628	0.0319281
27	264000	620	0.0315214
27	268000	614	0.0312163
27	272000	624	0.0317247
27	276000	629	0.0319789
27	280000	637	0.0323857
27	284000	640	0.0325382
27	288000	629	0.0319789
27	292000	639	0.0324873
27	296000	613	0.0311655
27	300000	622	0.0316231
27	304000	622	0.0316231
27	308000	630	0.0320298
27	312000	634	0.0322331
27	316000	628	0.0319281
27	320000	622	0.0316231
27	324000	625	0.0317756
27	328000	638	0.0324365
27	332000	632	0.0321315
27	336000	621	0.0315722
27	340000	627	0.0318773
27	344000	624	0.0317247
27	348000	626	0.0318264
27	352000	623	0.0316739
27	356000	623	0.0316739
27	360000	638	0.0324365
27	364000	618	0.0314197
27	368000	620	0.0315214
27	372000	632	0.0321315
27	376000	635	0.032284
27	380000	626	0.0318264
27	384000	635	0.032284
27	388000	637	0.0323857
27	392000	636	0.0323348
27	396000	629	0.0319789
27	400000	624	0.0317247
28	0	630	0.0320298
28	4000	625	0.0317756
28	8000	627	0.0318773
28	12000	625	0.0317756
28	16000	616	0.031318
28	20000	631	0.0320806
28	24000	617	0.0313688
28	28000	632	0.0321315
28	32000	625	0.0317756
28	36000	642	0.0326399
28	40000	623	0.0316739
28	44000	635	0.032284
28	48000	620	0.0315214
28	52000	622	0.0316231
28	56000	614	0.0312163
28	60000	629	0.0319789
28	64000	629	0.0319789
28	68000	637	0.0323857
28	72000	613	0.0311655
28	76000	627	0.0318773
28	80000	626	0.0318264
28	84000	619	0.0314705
28	88000	630	0.0320298
28	92000	630	0.0320298
28	96000	632	0.0321315
28	100000	616	0.031318
28	104000	628	0.0319281
28	108000	613	0.0311655
28	112000	630	0.0320298
28	116000	637	0.0323857
28	120000	633	0.0321823
28	124000	622	0.0316231
28	128000	635	0.032284
28	132000	630	0.0320298
28	136000	619	0.0314705
28	140000	631	0.0320806
28	144000	627	0.0318773
28	148000	625	0.0317756
28	152000	624	0.0317247
28	156000	639	0.0324873
28	160000	634	0.0322331
28	164000	623	0.0316739
28	168000	610	0.031013
28	172000	633	0.0321823
28	176000	628	0.0319281
28	180000	631	0.0320806
28	184000	625	0.0317756
28	188000	633	0.0321823
28	192000	612	0.0311146
28	196000	626	0.0318264
28	200000	640	0.0325382
28	204000	636	0.0323348
28	208000	621	0.0315722
28	212000	627	0.0318773
28	216000	604	0.0307079
28	220000	623	0.0316739
28	224000	638	0.0324365
28	228000	620	0.0315214
28	232000	617	0.0313688
28	236000	623	0.0316739
28	240000	638	0.0324365
28	244000	631	0.0320806
28	248000	621	0.0315722
28	252000	632	0.0321315
28	256000	628	0.0319281
28	260000	632	0.0321315
28	264000	624	0.0317247
28	268000	628	0.0319281
28	272000	638	0.0324365
28	276000	632	0.0321315
28	280000	633	0.0321823
28	284000	626	0.0318264
28	288000	625	0.0317756
28	292000	617	0.0313688
28	296000	615	0.0312672
28	300000	614	0.0312163
28	304000	626	0.0318264
28	308000	629	0.0319789
28	312000	625	0.0317756
28	316000	605	0.0307588
28	320000	629	0.0319789
28	324000	629	0.0319789
28	328000	621	0.0315722
28	332000	627	0.0318773
28	336000	635	0.032284
28	340000	626	0.0318264
28	344000	621	0.0315722
28	348000	638	0.0324365
28	352000	634	0.0322331
28	356000	630	0.0320298
28	360000	630	0.0320298
28	364000	640	0.0325382
28	368000	631	0.0320806
28	372000	638	0.0324365
28	376000	639	0.0324873
28	380000	624	0.0317247
28	384000	620	0.0315214
28	388000	631	0.0320806
28	392000	640	0.0325382
28	396000	623	0.0316739
28	400000	631	0.0320806
29	0	631	0.0320806
29	4000	630	0.0320298
29	8000	628	0.0319281
29	12000	608	0.0309113
29	16000	628	0.0319281
29	20000	629	0.0319789
29	24000	634	0.0322331
29	28000	634	0.0322331
29	32000	616	0.031318
29	36000	629	0.0319789
29	40000	628	0.0319281
29	44000	623	0.0316739
29	48000	629	0.0319789
29	52000	624	0.0317247
29	56000	638	0.0324365
29	60000	624	0.0317247
29	64000	627	0.0318773
29	68000	633	0.0321823
29	72000	628	0.0319281
29	76000	640	0.0325382
29	80000	631	0.0320806
29	84000	627	0.0318773
29	88000	617	0.0313688
29	92000	629	0.0319789
29	96000	627	0.0318773
29	100000	623	0.0316739
29	104000	625	0.0317756
29	108000	626	0.0318264
29	112000	615	0.0312672
29	116000	617	0.0313688
29	120000	630	0.0320298
29	124000	631	0.0320806
29	128000	623	0.0316739
29	132000	625	0.0317756
29	136000	636	0.0323348
29	140000	614	0.0312163
29	144000	633	0.0321823
29	148000	630	0.0320298
29	152000	624	0.0317247
29	156000	617	0.0313688
29	160000	622	0.0316231
29	164000	625	0.0317756
29	168000	622	0.0316231
29	172000	631	0.0320806
29	176000	623	0.0316739
29	180000	636	0.0323348
29	184000	627	0.0318773
29	188000	637	0.0323857
29	192000	623	0.0316739
29	196000	632	0.0321315
29	200000	619	0.0314705
29	204000	627	0.0318773
29	208000	627	0.0318773
29	212000	629	0.0319789
29	216000	624	0.0317247
29	220000	625	0.0317756
29	224000	621	0.0315722
29	228000	632	0.0321315
29	232000	631	0.0320806
29	236000	617	0.0313688
29	240000	636	0.0323348
29	244000	618	0.0314197
29	248000	619	0.0314705
29	252000	627	0.0318773
29	256000	624	0.0317247
29	260000	616	0.031318
29	264000	630	0.0320298
29	268000	647	0.0328941
29	272000	626	0.0318264
29	276000	639	0.0324873
29	280000	636	0.0323348
29	284000	631	0.0320806
29	288000	625	0.0317756
29	292000	623	0.0316739
29	296000	623	0.0316739
29	300000	610	0.031013
29	304000	633	0.0321823
29	308000	635	0.032284
29	312000	625	0.0317756
29	316000	632	0.0321315
29	320000	637	0.0323857
29	324000	626	0.0318264
29	328000	633	0.0321823
29	332000	633	0.0321823
29	336000	631	0.0320806
29	340000	634	0.0322331
29	344000	627	0.0318773
29	348000	634	0.0322331
29	352000	636	0.0323348
29	356000	641	0.032589
29	360000	635	0.032284
29	364000	633	0.0321823
29	368000	625	0.0317756
29	372000	618	0.0314197
29	376000	622	0.0316231
29	380000	626	0.0318264
29	384000	637	0.0323857
29	388000	637	0.0323857
29	392000	640	0.0325382
29	396000	630	0.0320298
29	400000	619	0.0314705
30	0	638	0.0324365
30	4000	612	0.0311146
30	8000	619	0.0314705
30	12000	623	0.0316739
30	16000	632	0.0321315
30	20000	625	0.0317756
30	24000	626	0.0318264
30	28000	637	0.0323857
30	32000	637	0.0323857
30	36000	624	0.0317247
30	40000	625	0.0317756
30	44000	627	0.0318773
30	48000	624	0.0317247
30	52000	624	0.0317247
30	56000	635	0.032284
30	60000	627	0.0318773
30	64000	623	0.0316739
30	68000	634	0.0322331
30	72000	623	0.0316739
30	76000	637	0.0323857
30	80000	617	0.0313688
30	84000	631	0.0320806
30	88000	629	0.0319789
30	92000	630	0.0320298
30	96000	621	0.0315722
30	100000	617	0.0313688
30	104000	635	0.032284
30	108000	617	0.0313688
30	112000	624	0.0317247
30	116000	628	0.0319281
30	120000	631	0.0320806
30	124000	615	0.0312672
30	128000	630	0.0320298
30	132000	621	0.0315722
30	136000	634	0.0322331
30	140000	630	0.0320298
30	144000	634	0.0322331
30	148000	636	0.0323348
30	152000	624	0.0317247
30	156000	618	0.0314197
30	160000	632	0.0321315
30	164000	638	0.0324365
30	168000	630	0.0320298
30	172000	632	0.0321315
30	176000	631	0.0320806
30	180000	627	0.0318773
30	184000	625	0.0317756
30	188000	627	0.0318773
30	192000	629	0.0319789
30	196000	623	0.0316739
30	200000	628	0.0319281
30	204000	631	0.0320806
30	208000	628	0.0319281
30	212000	643	0.0326907
30	216000	633	0.0321823
30	220000	620	0.0315214
30	224000	630	0.0320298
30	228000	628	0.0319281
30	232000	638	0.0324365
30	236000	621	0.0315722
30	240000	617	0.0313688
30	244000	614	0.0312163
30	248000	630	0.0320298
30	252000	629	0.0319789
30	256000	643	0.0326907
30	260000	629	0.0319789
30	264000	620	0.0315214
30	268000	617	0.0313688
30	272000	625	0.0317756
30	276000	625	0.0317756
30	280000	633	0.0321823
30	284000	628	0.0319281
30	288000	625	0.0317756
30	292000	621	0.0315722
30	296000	625	0.0317756
30	300000	622	0.0316231
30	304000	623	0.0316739
30	308000	628	0.0319281
30	312000	620	0.0315214
30	316000	635	0.032284
30	320000	632	0.0321315
30	324000	626	0.0318264
30	328000	628	0.0319281
30	332000	615	0.0312672
30	336000	624	0.0317247
30	340000	627	0.0318773
30	344000	637	0.0323857
30	348000	631	0.0320806
30	352000	623	0.0316739
30	356000	622	0.0316231
30	360000	620	0.0315214
30	364000	637	0.0323857
30	368000	625	0.0317756
30	372000	622	0.0316231
30	376000	628	0.0319281
30	380000	619	0.0314705
30	384000	612	0.0311146
30	388000	645	0.0327924
30	392000	626	0.0318264
30	396000	632	0.0321315
30	400000	628	0.0319281
