0.098	239.976	0.131308
0.296	239.926	0.135867
0.496	239.876	0.138483
0.696	239.826	0.143011
0.896	239.776	0.140466
1.096	239.726	0.133892
1.296	239.676	0.137677
1.496	239.626	0.137527
1.696	239.576	0.135907
1.896	239.526	0.134998
2.096	239.476	0.13277
2.296	239.426	0.135709
2.496	239.376	0.139423
2.696	239.326	0.135567
2.896	239.276	0.133908
3.096	239.226	0.13872
3.296	239.176	0.138704
3.496	239.126	0.135535
3.696	239.076	0.138175
3.896	239.026	0.138317
4.096	238.976	0.138017
4.296	238.926	0.139028
4.496	238.876	0.137582
4.696	238.826	0.137906
4.896	238.776	0.137772
5.096	238.726	0.137606
5.296	238.676	0.137092
5.496	238.626	0.138507
5.696	238.576	0.134832
5.896	238.526	0.137693
6.096	238.476	0.139692
6.296	238.426	0.137424
6.496	238.376	0.139336
6.696	238.326	0.138973
6.896	238.276	0.137756
7.096	238.226	0.140672
7.296	238.176	0.140687
7.496	238.126	0.13872
7.696	238.076	0.133505
7.896	238.026	0.139352
8.096	237.976	0.132604
8.296	237.926	0.134476
8.496	237.876	0.138933
8.696	237.826	0.133923
8.896	237.776	0.136499
9.096	237.726	0.138064
9.296	237.676	0.140608
9.496	237.626	0.138562
9.696	237.576	0.143279
9.896	237.526	0.139818
10.096	237.476	0.137029
10.296	237.426	0.140063
10.496	237.376	0.140016
10.696	237.326	0.13601
10.896	237.276	0.140956
11.096	237.226	0.139123
11.296	237.176	0.139486
11.496	237.126	0.135851
11.696	237.076	0.14109
11.896	237.026	0.13921
12.096	236.976	0.141201
12.296	236.926	0.143603
12.496	236.876	0.137969
12.696	236.826	0.141075
12.896	236.776	0.140506
13.096	236.726	0.141699
13.296	236.676	0.14045
13.496	236.626	0.139716
13.696	236.576	0.137542
13.896	236.526	0.144172
14.096	236.476	0.140087
14.296	236.426	0.147183
14.496	236.376	0.140893
14.696	236.326	0.143461
14.896	236.276	0.144188
15.096	236.226	0.134887
15.296	236.176	0.145373
15.496	236.126	0.143256
15.696	236.076	0.147704
15.896	236.026	0.140853
16.096	235.976	0.14192
16.296	235.926	0.139415
16.496	235.876	0.146922
16.696	235.826	0.146322
16.896	235.776	0.148123
17.096	235.726	0.142829
17.296	235.676	0.143437
17.496	235.626	0.143184
17.696	235.576	0.141968
17.896	235.526	0.142055
18.096	235.476	0.14335
18.296	235.426	0.142339
18.496	235.376	0.142189
18.696	235.326	0.143453
18.896	235.276	0.146266
19.096	235.226	0.142916
19.296	235.176	0.145207
19.496	235.126	0.144085
19.696	235.076	0.149261
19.896	235.026	0.141699
20.096	234.976	0.147784
20.296	234.926	0.140585
20.496	234.876	0.145018
20.696	234.826	0.14727
20.896	234.776	0.142718
21.096	234.726	0.147594
21.296	234.676	0.146898
21.496	234.626	0.142481
21.696	234.576	0.147049
21.896	234.526	0.145563
22.096	234.476	0.14825
22.296	234.426	0.148589
22.496	234.376	0.149554
22.696	234.326	0.146353
22.896	234.276	0.151023
23.096	234.226	0.146021
23.296	234.176	0.138309
23.496	234.126	0.14354
23.696	234.076	0.147539
23.896	234.026	0.148321
24.096	233.976	0.150257
24.296	233.926	0.145026
24.496	233.876	0.143019
24.696	233.826	0.150383
24.896	233.776	0.148842
25.096	233.726	0.148092
25.296	233.676	0.15322
25.496	233.626	0.148281
25.696	233.576	0.153663
25.896	233.526	0.14516
26.096	233.476	0.150921
26.296	233.426	0.145358
26.496	233.376	0.146274
26.696	233.326	0.14727
26.896	233.276	0.149364
27.096	233.226	0.148503
27.296	233.176	0.153512
27.496	233.126	0.151292
27.696	233.076	0.151893
27.896	233.026	0.14712
28.096	232.976	0.15126
28.296	232.926	0.146875
28.496	232.876	0.145998
28.696	232.826	0.15258
28.896	232.776	0.154887
29.096	232.726	0.15096
29.296	232.676	0.149103
29.496	232.626	0.152683
29.696	232.576	0.147783
29.896	232.526	0.147072
30.096	232.476	0.149111
30.296	232.426	0.152722
30.496	232.376	0.160055
30.696	232.326	0.152698
30.896	232.276	0.166266
31.096	232.226	0.161604
31.296	232.176	0.162971
31.496	232.126	0.168052
31.696	232.076	0.182181
31.896	232.026	0.220893
32.096	231.976	0.245784
32.296	231.926	0.292817
32.496	231.876	0.375662
32.696	231.826	0.467823
32.896	231.776	0.534753
33.096	231.726	0.569601
33.296	231.676	0.582228
33.496	231.626	0.584915
33.696	231.576	0.584441
33.896	231.526	0.585144
34.096	231.476	0.586037
34.296	231.426	0.584164
34.496	231.376	0.581904
34.696	231.326	0.583872
34.896	231.276	0.584299
35.096	231.226	0.586788
35.296	231.176	0.590715
35.496	231.126	0.591166
35.696	231.076	0.590968
35.896	231.026	0.592114
36.096	230.976	0.594579
36.296	230.926	0.592604
36.496	230.876	0.592224
36.696	230.826	0.593149
36.896	230.776	0.591671
37.096	230.726	0.589316
37.296	230.676	0.592446
37.496	230.626	0.590842
37.696	230.576	0.592043
37.896	230.526	0.590107
38.096	230.476	0.589277
38.296	230.426	0.592572
38.496	230.376	0.594026
38.696	230.326	0.592912
38.896	230.276	0.595456
39.096	230.226	0.593852
39.296	230.176	0.594397
39.496	230.126	0.593362
39.696	230.076	0.593362
39.896	230.026	0.596444
40.096	229.976	0.595528
40.296	229.926	0.59529
40.496	229.876	0.59616
40.696	229.826	0.596002
40.896	229.776	0.596855
41.096	229.726	0.595725
41.296	229.676	0.596752
41.496	229.626	0.59902
41.696	229.576	0.596713
41.896	229.526	0.59597
42.096	229.476	0.596942
42.296	229.426	0.59789
42.496	229.376	0.59868
42.696	229.326	0.597258
42.896	229.276	0.599826
43.096	229.226	0.599273
43.296	229.176	0.596491
43.496	229.126	0.597282
43.696	229.076	0.596958
43.896	229.026	0.598783
44.096	228.976	0.598546
44.296	228.926	0.597693
44.496	228.876	0.597677
44.696	228.826	0.597574
44.896	228.776	0.598846
45.096	228.726	0.598427
45.296	228.676	0.600601
45.496	228.626	0.601422
45.696	228.576	0.598578
45.896	228.526	0.601976
46.096	228.476	0.602695
46.296	228.426	0.602189
46.496	228.376	0.608676
46.696	228.326	0.607633
46.896	228.276	0.60678
47.096	228.226	0.605105
47.296	228.176	0.60855
47.496	228.126	0.610518
47.696	228.076	0.610091
47.896	228.026	0.609388
48.096	227.976	0.609411
48.296	227.926	0.60821
48.496	227.876	0.60949
48.696	227.826	0.60885
48.896	227.776	0.606717
49.096	227.726	0.61096
49.296	227.676	0.608345
49.496	227.626	0.608669
49.696	227.576	0.609095
49.896	227.526	0.610162
50.096	227.476	0.614271
50.296	227.426	0.609964
50.496	227.376	0.609301
50.696	227.326	0.610857
50.896	227.276	0.612612
51.096	227.226	0.614263
51.296	227.176	0.614153
51.496	227.126	0.612564
51.696	227.076	0.611758
51.896	227.026	0.614255
