0.098	239.976	0.141802
0.296	239.926	0.136057
0.496	239.876	0.13435
0.696	239.826	0.13725
0.896	239.776	0.139273
1.096	239.726	0.134935
1.296	239.676	0.132114
1.496	239.626	0.136689
1.696	239.576	0.135306
1.896	239.526	0.136729
2.096	239.476	0.134421
2.296	239.426	0.138127
2.496	239.376	0.138499
2.696	239.326	0.136397
2.896	239.276	0.134769
3.096	239.226	0.142015
3.296	239.176	0.139186
3.496	239.126	0.13322
3.696	239.076	0.137179
3.896	239.026	0.137361
4.096	238.976	0.139226
4.296	238.926	0.134058
4.496	238.876	0.137685
4.696	238.826	0.139794
4.896	238.776	0.137321
5.096	238.726	0.137361
5.296	238.676	0.139384
5.496	238.626	0.136689
5.696	238.576	0.137495
5.896	238.526	0.137748
6.096	238.476	0.13484
6.296	238.426	0.137661
6.496	238.376	0.141343
6.696	238.326	0.140514
6.896	238.276	0.137542
7.096	238.226	0.138427
7.296	238.176	0.139273
7.496	238.126	0.136942
7.696	238.076	0.137076
7.896	238.026	0.136768
8.096	237.976	0.138167
8.296	237.926	0.138435
8.496	237.876	0.141533
8.696	237.826	0.135219
8.896	237.776	0.138894
9.096	237.726	0.139597
9.296	237.676	0.138254
9.496	237.626	0.138459
9.696	237.576	0.140356
9.896	237.526	0.137511
10.096	237.476	0.135456
10.296	237.426	0.142426
10.496	237.376	0.144354
10.696	237.326	0.135085
10.896	237.276	0.138341
11.096	237.226	0.140996
11.296	237.176	0.140253
11.496	237.126	0.141217
11.696	237.076	0.142378
11.896	237.026	0.139178
12.096	236.976	0.139305
12.296	236.926	0.138657
12.496	236.876	0.144449
12.696	236.826	0.144702
12.896	236.776	0.13729
13.096	236.726	0.138846
13.296	236.676	0.143019
13.496	236.626	0.142868
13.696	236.576	0.143216
13.896	236.526	0.142521
14.096	236.476	0.141383
14.296	236.426	0.139755
14.496	236.376	0.142497
14.696	236.326	0.144164
14.896	236.276	0.141983
15.096	236.226	0.14358
15.296	236.176	0.153789
15.496	236.126	0.145326
15.696	236.076	0.147515
15.896	236.026	0.141652
16.096	235.976	0.144299
16.296	235.926	0.144283
16.496	235.876	0.146377
16.696	235.826	0.143698
16.896	235.776	0.142228
17.096	235.726	0.141731
17.296	235.676	0.145855
17.496	235.626	0.14561
17.696	235.576	0.146361
17.896	235.526	0.141336
18.096	235.476	0.145595
18.296	235.426	0.146211
18.496	235.376	0.14369
18.696	235.326	0.145911
18.896	235.276	0.143698
19.096	235.226	0.151829
19.296	235.176	0.139233
19.496	235.126	0.142726
19.696	235.076	0.144781
19.896	235.026	0.144496
20.096	234.976	0.145365
20.296	234.926	0.144425
20.496	234.876	0.146962
20.696	234.826	0.142679
20.896	234.776	0.153497
21.096	234.726	0.146946
21.296	234.676	0.149348
21.496	234.626	0.154152
21.696	234.576	0.145128
21.896	234.526	0.142671
22.096	234.476	0.149222
22.296	234.426	0.146756
22.496	234.376	0.146353
22.696	234.326	0.145484
22.896	234.276	0.146021
23.096	234.226	0.150715
23.296	234.176	0.147136
23.496	234.126	0.148993
23.696	234.076	0.143319
23.896	234.026	0.147143
24.096	233.976	0.148913
24.296	233.926	0.14625
24.496	233.876	0.145373
24.696	233.826	0.151039
24.896	233.776	0.146875
25.096	233.726	0.147602
25.296	233.676	0.148953
25.496	233.626	0.143437
25.696	233.576	0.154208
25.896	233.526	0.154303
26.096	233.476	0.158996
26.296	233.426	0.162797
26.496	233.376	0.171632
26.696	233.326	0.195022
26.896	233.276	0.223279
27.096	233.226	0.29563
27.296	233.176	0.383967
27.496	233.126	0.438451
27.696	233.076	0.471474
27.896	233.026	0.509032
28.096	232.976	0.52471
28.296	232.926	0.532896
28.496	232.876	0.530044
28.696	232.826	0.530241
28.896	232.776	0.530446
29.096	232.726	0.52437
29.296	232.676	0.531569
29.496	232.626	0.53665
29.696	232.576	0.534832
29.896	232.526	0.530691
30.096	232.476	0.540206
30.296	232.426	0.54147
30.496	232.376	0.544638
30.696	232.326	0.546614
30.896	232.276	0.54629
31.096	232.226	0.545097
31.296	232.176	0.550604
31.496	232.126	0.548202
31.696	232.076	0.545144
31.896	232.026	0.546748
32.096	231.976	0.548953
32.296	231.926	0.5461
32.496	231.876	0.546962
32.696	231.826	0.547531
32.896	231.776	0.546393
33.096	231.726	0.541746
33.296	231.676	0.545674
33.496	231.626	0.543635
33.696	231.576	0.545492
33.896	231.526	0.543848
34.096	231.476	0.543042
34.296	231.426	0.542149
34.496	231.376	0.54836
34.696	231.326	0.548139
34.896	231.276	0.55017
35.096	231.226	0.550968
35.296	231.176	0.548115
35.496	231.126	0.54693
35.696	231.076	0.549119
35.896	231.026	0.546677
36.096	230.976	0.548834
36.296	230.926	0.544575
36.496	230.876	0.545974
36.696	230.826	0.546551
36.896	230.776	0.546733
37.096	230.726	0.547934
37.296	230.676	0.548147
37.496	230.626	0.549008
37.696	230.576	0.551513
37.896	230.526	0.547404
38.096	230.476	0.547467
38.296	230.426	0.551995
38.496	230.376	0.548352
38.696	230.326	0.547752
38.896	230.276	0.546448
39.096	230.226	0.54987
39.296	230.176	0.550549
39.496	230.126	0.552762
39.696	230.076	0.546021
39.896	230.026	0.546282
40.096	229.976	0.552809
40.296	229.926	0.555875
40.496	229.876	0.557764
40.696	229.826	0.553599
40.896	229.776	0.550834
41.096	229.726	0.550612
41.296	229.676	0.552975
41.496	229.626	0.549316
41.696	229.576	0.545982
41.896	229.526	0.547388
42.096	229.476	0.548028
42.296	229.426	0.550123
42.496	229.376	0.550083
42.696	229.326	0.550107
42.896	229.276	0.552943
43.096	229.226	0.549269
43.296	229.176	0.550565
43.496	229.126	0.549538
43.696	229.076	0.554405
43.896	229.026	0.554753
44.096	228.976	0.550012
44.296	228.926	0.549095
44.496	228.876	0.550352
44.696	228.826	0.54987
44.896	228.776	0.552138
45.096	228.726	0.552548
45.296	228.676	0.554808
45.496	228.626	0.55326
45.696	228.576	0.556942
45.896	228.526	0.55582
46.096	228.476	0.55793
46.296	228.426	0.555369
46.496	228.376	0.559866
46.696	228.326	0.555994
46.896	228.276	0.555346
47.096	228.226	0.555204
47.296	228.176	0.553267
47.496	228.126	0.552841
47.696	228.076	0.555164
47.896	228.026	0.556808
48.096	227.976	0.556863
48.296	227.926	0.557582
48.496	227.876	0.557748
48.696	227.826	0.550391
48.896	227.776	0.552359
49.096	227.726	0.552825
49.296	227.676	0.550818
49.496	227.626	0.554097
49.696	227.576	0.555859
49.896	227.526	0.554872
50.096	227.476	0.55642
50.296	227.426	0.556476
50.496	227.376	0.553892
50.696	227.326	0.546401
50.896	227.276	0.547823
51.096	227.226	0.55484
51.296	227.176	0.555685
51.496	227.126	0.555409
51.696	227.076	0.553188
51.896	227.026	0.554682
