0.098	239.976	0.114986
0.296	239.926	0.116583
0.496	239.876	0.117097
0.696	239.826	0.116181
0.896	239.776	0.115847
1.096	239.726	0.112361
1.296	239.676	0.113111
1.496	239.626	0.115736
1.696	239.576	0.114
1.896	239.526	0.114958
2.096	239.476	0.116958
2.296	239.426	0.118264
2.496	239.376	0.117556
2.696	239.326	0.117625
2.896	239.276	0.116667
3.096	239.226	0.116639
3.296	239.176	0.115264
3.496	239.126	0.123806
3.696	239.076	0.111028
3.896	239.026	0.115417
4.096	238.976	0.109556
4.296	238.926	0.115556
4.496	238.876	0.116944
4.696	238.826	0.113361
4.896	238.776	0.119736
5.096	238.726	0.122181
5.296	238.676	0.118417
5.496	238.626	0.115542
5.696	238.576	0.115597
5.896	238.526	0.120125
6.096	238.476	0.121292
6.296	238.426	0.129292
6.496	238.376	0.115194
6.696	238.326	0.110889
6.896	238.276	0.111639
7.096	238.226	0.111847
7.296	238.176	0.117403
7.496	238.126	0.116361
7.696	238.076	0.117583
7.896	238.026	0.122458
8.096	237.976	0.118389
8.296	237.926	0.120264
8.496	237.876	0.118611
8.696	237.826	0.112389
8.896	237.776	0.117403
9.096	237.726	0.115806
9.296	237.676	0.117944
9.496	237.626	0.115611
9.696	237.576	0.108069
9.896	237.526	0.117111
10.096	237.476	0.126597
10.296	237.426	0.112764
10.496	237.376	0.116278
10.696	237.326	0.115417
10.896	237.276	0.1155
11.096	237.226	0.122055
11.296	237.176	0.121542
11.496	237.126	0.11325
11.696	237.076	0.117597
11.896	237.026	0.117139
12.096	236.976	0.119514
12.296	236.926	0.129542
12.496	236.876	0.121125
12.696	236.826	0.1315
12.896	236.776	0.119903
13.096	236.726	0.120653
13.296	236.676	0.115347
13.496	236.626	0.120194
13.696	236.576	0.120097
13.896	236.526	0.123292
14.096	236.476	0.116708
14.296	236.426	0.120319
14.496	236.376	0.119722
14.696	236.326	0.115153
14.896	236.276	0.113861
15.096	236.226	0.121583
15.296	236.176	0.119222
15.496	236.126	0.122639
15.696	236.076	0.125208
15.896	236.026	0.118694
16.096	235.976	0.115056
16.296	235.926	0.118347
16.496	235.876	0.113333
16.696	235.826	0.123361
16.896	235.776	0.117056
17.096	235.726	0.118
17.296	235.676	0.124889
17.496	235.626	0.121555
17.696	235.576	0.116514
17.896	235.526	0.131014
18.096	235.476	0.128278
18.296	235.426	0.125153
18.496	235.376	0.122986
18.696	235.326	0.122819
18.896	235.276	0.129486
19.096	235.226	0.120472
19.296	235.176	0.117555
19.496	235.126	0.137708
19.696	235.076	0.135861
19.896	235.026	0.1205
20.096	234.976	0.122347
20.296	234.926	0.132153
20.496	234.876	0.127903
20.696	234.826	0.119708
20.896	234.776	0.1225
21.096	234.726	0.134917
21.296	234.676	0.136778
21.496	234.626	0.121958
21.696	234.576	0.209264
21.896	234.526	0.422167
22.096	234.476	0.508861
22.296	234.426	0.519305
22.496	234.376	0.522403
22.696	234.326	0.531333
22.896	234.276	0.531958
23.096	234.226	0.537986
23.296	234.176	0.539333
23.496	234.126	0.536417
23.696	234.076	0.53568
23.896	234.026	0.538694
24.096	233.976	0.537667
24.296	233.926	0.540125
24.496	233.876	0.531264
24.696	233.826	0.535764
24.896	233.776	0.533444
25.096	233.726	0.541028
25.296	233.676	0.542972
25.496	233.626	0.541986
25.696	233.576	0.537375
25.896	233.526	0.540806
26.096	233.476	0.540389
26.296	233.426	0.54325
26.496	233.376	0.54225
26.696	233.326	0.538444
26.896	233.276	0.541819
27.096	233.226	0.542639
27.296	233.176	0.539736
27.496	233.126	0.536597
27.696	233.076	0.542403
27.896	233.026	0.534639
28.096	232.976	0.534611
28.296	232.926	0.541736
28.496	232.876	0.537236
28.696	232.826	0.538694
28.896	232.776	0.542639
29.096	232.726	0.546986
29.296	232.676	0.54768
29.496	232.626	0.548264
29.696	232.576	0.545833
29.896	232.526	0.544861
30.096	232.476	0.547333
30.296	232.426	0.544458
30.496	232.376	0.548694
30.696	232.326	0.546972
30.896	232.276	0.539181
31.096	232.226	0.543583
31.296	232.176	0.544208
31.496	232.126	0.542028
31.696	232.076	0.5455
31.896	232.026	0.542958
32.096	231.976	0.542778
32.296	231.926	0.542278
32.496	231.876	0.54275
32.696	231.826	0.542681
32.896	231.776	0.543861
33.096	231.726	0.537972
33.296	231.676	0.536889
33.496	231.626	0.538319
33.696	231.576	0.547083
33.896	231.526	0.541194
34.096	231.476	0.540069
34.296	231.426	0.542055
34.496	231.376	0.538958
34.696	231.326	0.541639
34.896	231.276	0.542986
35.096	231.226	0.541403
35.296	231.176	0.538986
35.496	231.126	0.541889
35.696	231.076	0.542389
35.896	231.026	0.539819
36.096	230.976	0.542694
36.296	230.926	0.541319
36.496	230.876	0.542
36.696	230.826	0.542972
36.896	230.776	0.538556
37.096	230.726	0.541417
37.296	230.676	0.544681
37.496	230.626	0.544069
37.696	230.576	0.540806
37.896	230.526	0.544792
38.096	230.476	0.549125
38.296	230.426	0.548389
38.496	230.376	0.544944
38.696	230.326	0.548986
38.896	230.276	0.550375
39.096	230.226	0.544514
39.296	230.176	0.54268
39.496	230.126	0.548458
39.696	230.076	0.544292
39.896	230.026	0.543417
40.096	229.976	0.544583
40.296	229.926	0.550847
40.496	229.876	0.545056
40.696	229.826	0.5425
40.896	229.776	0.546722
41.096	229.726	0.546514
41.296	229.676	0.541653
41.496	229.626	0.546708
41.696	229.576	0.544764
41.896	229.526	0.544236
42.096	229.476	0.539806
42.296	229.426	0.542347
42.496	229.376	0.544389
42.696	229.326	0.546111
42.896	229.276	0.543625
43.096	229.226	0.541931
43.296	229.176	0.542556
43.496	229.126	0.548167
43.696	229.076	0.548542
43.896	229.026	0.548236
44.096	228.976	0.542111
44.296	228.926	0.544417
44.496	228.876	0.545278
44.696	228.826	0.547583
44.896	228.776	0.543208
45.096	228.726	0.548347
45.296	228.676	0.544083
45.496	228.626	0.544889
45.696	228.576	0.543153
45.896	228.526	0.540667
46.096	228.476	0.540028
46.296	228.426	0.540153
46.496	228.376	0.54375
46.696	228.326	0.547403
46.896	228.276	0.545819
47.096	228.226	0.547931
47.296	228.176	0.548083
47.496	228.126	0.551014
47.696	228.076	0.554833
47.896	228.026	0.551514
48.096	227.976	0.547569
48.296	227.926	0.546
48.496	227.876	0.546917
48.696	227.826	0.545639
48.896	227.776	0.538444
49.096	227.726	0.541764
49.296	227.676	0.548264
49.496	227.626	0.549444
49.696	227.576	0.553222
49.896	227.526	0.550083
50.096	227.476	0.550653
50.296	227.426	0.548736
50.496	227.376	0.55
50.696	227.326	0.549292
50.896	227.276	0.566667
51.096	227.226	0.573611
51.296	227.176	0.579347
51.496	227.126	0.57675
51.696	227.076	0.579778
51.896	227.026	0.575236
