0.098	239.976	0.113792
0.296	239.926	0.114694
0.496	239.876	0.112389
0.696	239.826	0.116208
0.896	239.776	0.120139
1.096	239.726	0.113431
1.296	239.676	0.112264
1.496	239.626	0.116444
1.696	239.576	0.111639
1.896	239.526	0.111778
2.096	239.476	0.11375
2.296	239.426	0.117472
2.496	239.376	0.119889
2.696	239.326	0.118528
2.896	239.276	0.115875
3.096	239.226	0.119236
3.296	239.176	0.116917
3.496	239.126	0.116014
3.696	239.076	0.112458
3.896	239.026	0.116306
4.096	238.976	0.116167
4.296	238.926	0.113069
4.496	238.876	0.110653
4.696	238.826	0.116375
4.896	238.776	0.113528
5.096	238.726	0.112389
5.296	238.676	0.117264
5.496	238.626	0.114389
5.696	238.576	0.113389
5.896	238.526	0.109097
6.096	238.476	0.116694
6.296	238.426	0.120694
6.496	238.376	0.111153
6.696	238.326	0.11875
6.896	238.276	0.119375
7.096	238.226	0.115986
7.296	238.176	0.117597
7.496	238.126	0.115486
7.696	238.076	0.114792
7.896	238.026	0.113042
8.096	237.976	0.120556
8.296	237.926	0.117125
8.496	237.876	0.120486
8.696	237.826	0.123458
8.896	237.776	0.120389
9.096	237.726	0.116931
9.296	237.676	0.113569
9.496	237.626	0.11118
9.696	237.576	0.114333
9.896	237.526	0.118681
10.096	237.476	0.118986
10.296	237.426	0.113792
10.496	237.376	0.119597
10.696	237.326	0.118375
10.896	237.276	0.119764
11.096	237.226	0.119111
11.296	237.176	0.114806
11.496	237.126	0.121583
11.696	237.076	0.116722
11.896	237.026	0.120333
12.096	236.976	0.121056
12.296	236.926	0.116
12.496	236.876	0.115194
12.696	236.826	0.115083
12.896	236.776	0.117653
13.096	236.726	0.117222
13.296	236.676	0.122736
13.496	236.626	0.118778
13.696	236.576	0.118417
13.896	236.526	0.120444
14.096	236.476	0.121222
14.296	236.426	0.114486
14.496	236.376	0.118222
14.696	236.326	0.119361
14.896	236.276	0.120403
15.096	236.226	0.115181
15.296	236.176	0.116542
15.496	236.126	0.116833
15.696	236.076	0.12075
15.896	236.026	0.121583
16.096	235.976	0.123181
16.296	235.926	0.119833
16.496	235.876	0.137972
16.696	235.826	0.227778
16.896	235.776	0.399208
17.096	235.726	0.532528
17.296	235.676	0.567958
17.496	235.626	0.572806
17.696	235.576	0.5675
17.896	235.526	0.570056
18.096	235.476	0.570361
18.296	235.426	0.575514
18.496	235.376	0.579042
18.696	235.326	0.583042
18.896	235.276	0.582764
19.096	235.226	0.586139
19.296	235.176	0.584722
19.496	235.126	0.586431
19.696	235.076	0.585847
19.896	235.026	0.588722
20.096	234.976	0.588153
20.296	234.926	0.587319
20.496	234.876	0.584903
20.696	234.826	0.582167
20.896	234.776	0.5835
21.096	234.726	0.583597
21.296	234.676	0.589097
21.496	234.626	0.587375
21.696	234.576	0.582653
21.896	234.526	0.585792
22.096	234.476	0.586667
22.296	234.426	0.590097
22.496	234.376	0.585625
22.696	234.326	0.587333
22.896	234.276	0.587889
23.096	234.226	0.586847
23.296	234.176	0.583139
23.496	234.126	0.585986
23.696	234.076	0.586278
23.896	234.026	0.583125
24.096	233.976	0.583306
24.296	233.926	0.583694
24.496	233.876	0.584847
24.696	233.826	0.586903
24.896	233.776	0.587333
25.096	233.726	0.588361
25.296	233.676	0.587083
25.496	233.626	0.587528
25.696	233.576	0.587833
25.896	233.526	0.589889
26.096	233.476	0.588583
26.296	233.426	0.588055
26.496	233.376	0.587972
26.696	233.326	0.58625
26.896	233.276	0.581375
27.096	233.226	0.580097
27.296	233.176	0.585556
27.496	233.126	0.585486
27.696	233.076	0.587639
27.896	233.026	0.585722
28.096	232.976	0.587125
28.296	232.926	0.589403
28.496	232.876	0.582792
28.696	232.826	0.579445
28.896	232.776	0.578694
29.096	232.726	0.581556
29.296	232.676	0.589917
29.496	232.626	0.586403
29.696	232.576	0.587375
29.896	232.526	0.585653
30.096	232.476	0.586264
30.296	232.426	0.586708
30.496	232.376	0.587292
30.696	232.326	0.589958
30.896	232.276	0.591139
31.096	232.226	0.586931
31.296	232.176	0.587778
31.496	232.126	0.584542
31.696	232.076	0.58857
31.896	232.026	0.588556
32.096	231.976	0.588764
32.296	231.926	0.585694
32.496	231.876	0.587639
32.696	231.826	0.588222
32.896	231.776	0.589861
33.096	231.726	0.588417
33.296	231.676	0.589472
33.496	231.626	0.589917
33.696	231.576	0.587972
33.896	231.526	0.58768
34.096	231.476	0.589028
34.296	231.426	0.5865
34.496	231.376	0.583167
34.696	231.326	0.58375
34.896	231.276	0.587431
35.096	231.226	0.585042
35.296	231.176	0.588069
35.496	231.126	0.584458
35.696	231.076	0.584444
35.896	231.026	0.583542
36.096	230.976	0.580042
36.296	230.926	0.58225
36.496	230.876	0.580333
36.696	230.826	0.584653
36.896	230.776	0.584236
37.096	230.726	0.582069
37.296	230.676	0.584639
37.496	230.626	0.585917
37.696	230.576	0.590667
37.896	230.526	0.592306
38.096	230.476	0.592014
38.296	230.426	0.591292
38.496	230.376	0.59275
38.696	230.326	0.590069
38.896	230.276	0.591167
39.096	230.226	0.592431
39.296	230.176	0.588194
39.496	230.126	0.589014
39.696	230.076	0.5895
39.896	230.026	0.590875
40.096	229.976	0.591528
40.296	229.926	0.590236
40.496	229.876	0.591986
40.696	229.826	0.589986
40.896	229.776	0.592389
41.096	229.726	0.593417
41.296	229.676	0.591347
41.496	229.626	0.586917
41.696	229.576	0.592778
41.896	229.526	0.59225
42.096	229.476	0.589125
42.296	229.426	0.590944
42.496	229.376	0.587597
42.696	229.326	0.591722
42.896	229.276	0.589208
43.096	229.226	0.592139
43.296	229.176	0.58725
43.496	229.126	0.589333
43.696	229.076	0.591514
43.896	229.026	0.589306
44.096	228.976	0.592431
44.296	228.926	0.590667
44.496	228.876	0.593931
44.696	228.826	0.593736
44.896	228.776	0.595208
45.096	228.726	0.595736
45.296	228.676	0.593514
45.496	228.626	0.590653
45.696	228.576	0.594236
45.896	228.526	0.593139
46.096	228.476	0.592458
46.296	228.426	0.589569
46.496	228.376	0.592528
46.696	228.326	0.594583
46.896	228.276	0.592
47.096	228.226	0.593556
47.296	228.176	0.594306
47.496	228.126	0.592875
47.696	228.076	0.591542
47.896	228.026	0.592458
48.096	227.976	0.589458
48.296	227.926	0.588917
48.496	227.876	0.593153
48.696	227.826	0.585042
48.896	227.776	0.589847
49.096	227.726	0.588472
49.296	227.676	0.589514
49.496	227.626	0.588792
49.696	227.576	0.587542
49.896	227.526	0.593361
50.096	227.476	0.594083
50.296	227.426	0.593542
50.496	227.376	0.593069
50.696	227.326	0.594333
50.896	227.276	0.590181
51.096	227.226	0.593764
51.296	227.176	0.593778
51.496	227.126	0.591722
51.696	227.076	0.589806
51.896	227.026	0.592292
