# Cluster list (16 data points):
# "Cluster Identifier" "Cluster Size" "Center of Mass.X" "Center of Mass.Y" "Center of Mass.Z"
1 16 102.19516875 6.27802 30.2426125 
2 5 81.78632 13.92664 35.32094 
3 4 117.22175 8.4074825 36.04605 
4 2 115.8635 15.52215 33.7229 
5 2 126.793 22.9294 30.151 
6 1 70.4952 6.04181 14.9929 
7 1 64.5577 9.50363 26.191 
8 1 101.82 20.3109 25.6086 
9 1 99.7337 16.0372 31.7727 
10 1 104.839 14.8313 35.6685 
11 1 115.452 22.8366 34.9732 
12 1 124.871 7.32901 35.7272 
13 1 119.079 18.4967 32.2115 
14 1 124.264 19.4766 38.7403 
15 1 136.532 11.6408 35.6409 
16 1 135.958 23.6608 35.2759 
