# Cluster list (13 data points):
# "Cluster Identifier" "Cluster Size" "Center of Mass.X" "Center of Mass.Y" "Center of Mass.Z"
1 20 89.05012 6.5421823 16.212105 
2 1 82.9984 25.5869 14.9305 
3 1 93.4119 4.19805 18.3622 
4 1 85.5042 0.996829 29.9388 
5 1 101.331 2.71994 17.6071 
6 1 97.5544 5.61423 17.7948 
7 1 98.1262 17.9809 14.6763 
8 1 105.281 26.8339 17.6775 
9 1 103.443 15.7731 26.1061 
10 1 115.162 21.1407 17.5269 
11 1 117.428 24.2503 32.7492 
12 1 122.553 9.84825 14.0173 
13 1 124.475 16.6811 14.9517 
