# Cluster list (13 data points):
# "Cluster Identifier" "Cluster Size" "Center of Mass.X" "Center of Mass.Y" "Center of Mass.Z"
1 9 86.3160777778 10.9164866667 17.2681333333 
2 2 95.34805 4.107745 16.00105 
3 1 61.2901 7.98481 17.1119 
4 1 63.426 10.3121 25.0217 
5 1 73.0313 18.9338 30.8767 
6 1 92.4075 10.584 18.3247 
7 1 89.2231 7.69898 17.9112 
8 1 91.8144 15.2205 18.1043 
9 1 105.049 17.7389 18.393 
10 1 108.361 18.7297 14.6815 
11 1 117.286 26.1095 22.6507 
12 1 112.998 19.2888 25.5866 
13 1 124.43 21.1484 14.6017 
