# Cluster list (13 data points):
# "Cluster Identifier" "Cluster Size" "Center of Mass.X" "Center of Mass.Y" "Center of Mass.Z"
1 25 84.055196 8.09967792 13.7858 
2 2 90.953 0.8669885 12.8636 
3 2 87.45285 20.7066 12.87095 
4 1 60.2857 4.75224 14.5919 
5 1 54.7702 20.5936 35.0667 
6 1 56.2808 21.1895 38.7019 
7 1 60.3437 32.9155 11.3358 
8 1 65.5347 30.2101 10.9143 
9 1 77.3986 33.7603 14.3495 
10 1 93.0951 4.50931 11.2903 
11 1 89.4587 25.0101 13.98 
12 1 93.1981 33.6378 14.0815 
13 1 97.6602 5.11482 11.7007 
