# Cluster list (13 data points):
# "Cluster Identifier" "Cluster Size" "Center of Mass.X" "Center of Mass.Y" "Center of Mass.Z"
1 13 71.4212692308 12.6246615385 35.6447846154 
2 2 66.65455 32.3558 37.08265 
3 2 82.432 27.5357 37.6203 
4 2 99.58405 30.3331 21.3377 
5 1 60.2116 2.48192 34.3917 
6 1 56.2097 16.4872 35.4944 
7 1 69.4173 1.22335 30.1296 
8 1 71.7633 3.49948 38.4343 
9 1 64.9458 7.42331 38.1866 
10 1 69.3974 7.22206 38.5984 
11 1 71.4842 6.10558 34.7678 
12 1 65.7954 18.0502 35.0198 
13 1 85.1633 31.639 38.692 
