# Cluster list (18 data points):
# "Cluster Identifier" "Cluster Size" "Center of Mass.X" "Center of Mass.Y" "Center of Mass.Z"
1 24 79.2479041667 3.4132242183 15.3579083333 
2 1 65.5986 27.0941 14.9533 
3 1 102.019 31.9216 27.3785 
4 1 90.7618 34.2729 15.0048 
5 1 88.9518 19.3632 17.6284 
6 1 80.8425 15.7181 14.6298 
7 1 91.4193 7.13385 14.6283 
8 1 91.972 6.80182 10.9896 
9 1 90.7153 2.28734 14.9648 
10 1 75.83 32.6079 26.7911 
11 1 51.7092 17.34 14.6176 
12 1 77.9716 10.7999 22.1207 
13 1 74.6782 11.4516 11.5296 
14 1 72.8261 4.47714 22.0687 
15 1 69.486 7.32157 22.0498 
16 1 66.9235 8.05126 18.3263 
17 1 73.4545 2.03544 18.2451 
18 1 56.3742 14.6487 21.8688 
