# Cluster list (12 data points):
# "Cluster Identifier" "Cluster Size" "Center of Mass.X" "Center of Mass.Y" "Center of Mass.Z"
1 32 64.385365625 30.8829595432 35.904740625 
2 25 95.728236 -2.2936370418 35.469656 
3 9 59.9706444444 9.0841488889 36.4763222222 
4 2 53.1858 28.55175 34.9268 
5 1 68.4198 11.1888 29.0258 
6 1 71.1254 25.8364 10.798 
7 1 83.3041 14.8432 19.6129 
8 1 87.2158 23.2548 22.0565 
9 1 87.0408 24.8736 17.3577 
10 1 94.3317 29.3892 22.2335 
11 1 91.7378 24.4941 31.7977 
12 1 96.2946 24.1548 28.9168 
