# Cluster list (12 data points):
# "Cluster Identifier" "Cluster Size" "Center of Mass.X" "Center of Mass.Y" "Center of Mass.Z"
1 29 78.1929482759 8.8487568966 14.2692275862 
2 3 90.4296666667 13.2780666667 13.3510666667 
3 1 63.0602 19.2498 14.572 
4 1 57.4457 36.2153 32.7414 
5 1 71.8457 3.27157 14.6944 
6 1 71.8361 6.19101 17.7724 
7 1 67.716 11.844 17.7766 
8 1 80.238 10.733 25.8879 
9 1 79.9174 26.8625 19.6986 
10 1 96.8321 2.70502 17.6695 
11 1 105.409 20.1556 17.8347 
12 1 95.1117 32.6327 14.592 
