0.098	239.976	0.112681
0.296	239.926	0.119028
0.496	239.876	0.118444
0.696	239.826	0.116403
0.896	239.776	0.116042
1.096	239.726	0.114278
1.296	239.676	0.117097
1.496	239.626	0.118917
1.696	239.576	0.114722
1.896	239.526	0.116222
2.096	239.476	0.116819
2.296	239.426	0.111681
2.496	239.376	0.115528
2.696	239.326	0.112847
2.896	239.276	0.117792
3.096	239.226	0.114778
3.296	239.176	0.11275
3.496	239.126	0.112792
3.696	239.076	0.113194
3.896	239.026	0.115208
4.096	238.976	0.116889
4.296	238.926	0.113819
4.496	238.876	0.119542
4.696	238.826	0.118514
4.896	238.776	0.117028
5.096	238.726	0.118194
5.296	238.676	0.123181
5.496	238.626	0.119347
5.696	238.576	0.115722
5.896	238.526	0.112528
6.096	238.476	0.113486
6.296	238.426	0.119083
6.496	238.376	0.122931
6.696	238.326	0.12407
6.896	238.276	0.113667
7.096	238.226	0.122514
7.296	238.176	0.116375
7.496	238.126	0.116917
7.696	238.076	0.117778
7.896	238.026	0.119694
8.096	237.976	0.121181
8.296	237.926	0.117819
8.496	237.876	0.113097
8.696	237.826	0.118569
8.896	237.776	0.112819
9.096	237.726	0.120194
9.296	237.676	0.118292
9.496	237.626	0.115833
9.696	237.576	0.121736
9.896	237.526	0.114597
10.096	237.476	0.120833
10.296	237.426	0.122236
10.496	237.376	0.128069
10.696	237.326	0.118542
10.896	237.276	0.120528
11.096	237.226	0.119639
11.296	237.176	0.117097
11.496	237.126	0.120903
11.696	237.076	0.123208
11.896	237.026	0.122972
12.096	236.976	0.116472
12.296	236.926	0.117292
12.496	236.876	0.119347
12.696	236.826	0.118417
12.896	236.776	0.119583
13.096	236.726	0.118528
13.296	236.676	0.124264
13.496	236.626	0.125056
13.696	236.576	0.121264
13.896	236.526	0.132861
14.096	236.476	0.164069
14.296	236.426	0.367194
14.496	236.376	0.519028
14.696	236.326	0.548972
14.896	236.276	0.564264
15.096	236.226	0.564222
15.296	236.176	0.568097
15.496	236.126	0.564042
15.696	236.076	0.564125
15.896	236.026	0.565014
16.096	235.976	0.572736
16.296	235.926	0.571319
16.496	235.876	0.574222
16.696	235.826	0.576111
16.896	235.776	0.569083
17.096	235.726	0.571389
17.296	235.676	0.576306
17.496	235.626	0.579167
17.696	235.576	0.572361
17.896	235.526	0.565861
18.096	235.476	0.568972
18.296	235.426	0.570778
18.496	235.376	0.573403
18.696	235.326	0.573958
18.896	235.276	0.577292
19.096	235.226	0.574055
19.296	235.176	0.570708
19.496	235.126	0.572278
19.696	235.076	0.572667
19.896	235.026	0.568958
20.096	234.976	0.570181
20.296	234.926	0.572264
20.496	234.876	0.571611
20.696	234.826	0.571014
20.896	234.776	0.571694
21.096	234.726	0.572653
21.296	234.676	0.574375
21.496	234.626	0.570208
21.696	234.576	0.569569
21.896	234.526	0.571264
22.096	234.476	0.570319
22.296	234.426	0.575083
22.496	234.376	0.573264
22.696	234.326	0.568986
22.896	234.276	0.566792
23.096	234.226	0.56643
23.296	234.176	0.569958
23.496	234.126	0.570278
23.696	234.076	0.569764
23.896	234.026	0.571583
24.096	233.976	0.568028
24.296	233.926	0.571806
24.496	233.876	0.576
24.696	233.826	0.574528
24.896	233.776	0.575083
25.096	233.726	0.570944
25.296	233.676	0.564542
25.496	233.626	0.570611
25.696	233.576	0.573111
25.896	233.526	0.574375
26.096	233.476	0.574389
26.296	233.426	0.574028
26.496	233.376	0.570333
26.696	233.326	0.572611
26.896	233.276	0.574125
27.096	233.226	0.571125
27.296	233.176	0.566333
27.496	233.126	0.571069
27.696	233.076	0.572569
27.896	233.026	0.572778
28.096	232.976	0.576542
28.296	232.926	0.573611
28.496	232.876	0.572375
28.696	232.826	0.578319
28.896	232.776	0.577917
29.096	232.726	0.575931
29.296	232.676	0.577181
29.496	232.626	0.577778
29.696	232.576	0.575597
29.896	232.526	0.571875
30.096	232.476	0.569569
30.296	232.426	0.569486
30.496	232.376	0.572111
30.696	232.326	0.575347
30.896	232.276	0.578208
31.096	232.226	0.574069
31.296	232.176	0.574653
31.496	232.126	0.576778
31.696	232.076	0.575361
31.896	232.026	0.576889
32.096	231.976	0.577736
32.296	231.926	0.575292
32.496	231.876	0.576653
32.696	231.826	0.576986
32.896	231.776	0.57825
33.096	231.726	0.574639
33.296	231.676	0.575194
33.496	231.626	0.571583
33.696	231.576	0.5735
33.896	231.526	0.576972
34.096	231.476	0.578
34.296	231.426	0.578569
34.496	231.376	0.575917
34.696	231.326	0.577917
34.896	231.276	0.578444
35.096	231.226	0.575472
35.296	231.176	0.573264
35.496	231.126	0.574667
35.696	231.076	0.574486
35.896	231.026	0.577417
36.096	230.976	0.575111
36.296	230.926	0.572264
36.496	230.876	0.576889
36.696	230.826	0.574597
36.896	230.776	0.574681
37.096	230.726	0.575639
37.296	230.676	0.580528
37.496	230.626	0.577694
37.696	230.576	0.576042
37.896	230.526	0.580444
38.096	230.476	0.576306
38.296	230.426	0.579333
38.496	230.376	0.581708
38.696	230.326	0.580917
38.896	230.276	0.574444
39.096	230.226	0.573069
39.296	230.176	0.576819
39.496	230.126	0.573514
39.696	230.076	0.574722
39.896	230.026	0.578556
40.096	229.976	0.572292
40.296	229.926	0.574861
40.496	229.876	0.569653
40.696	229.826	0.574042
40.896	229.776	0.573486
41.096	229.726	0.574333
41.296	229.676	0.573583
41.496	229.626	0.572472
41.696	229.576	0.572417
41.896	229.526	0.574583
42.096	229.476	0.572194
42.296	229.426	0.575333
42.496	229.376	0.578097
42.696	229.326	0.572653
42.896	229.276	0.570958
43.096	229.226	0.570417
43.296	229.176	0.578264
43.496	229.126	0.574167
43.696	229.076	0.572847
43.896	229.026	0.574347
44.096	228.976	0.571847
44.296	228.926	0.568764
44.496	228.876	0.5735
44.696	228.826	0.576306
44.896	228.776	0.575347
45.096	228.726	0.575069
45.296	228.676	0.576861
45.496	228.626	0.573514
45.696	228.576	0.57425
45.896	228.526	0.578597
46.096	228.476	0.577472
46.296	228.426	0.577639
46.496	228.376	0.578569
46.696	228.326	0.576
46.896	228.276	0.574319
47.096	228.226	0.575625
47.296	228.176	0.575306
47.496	228.126	0.576597
47.696	228.076	0.574764
47.896	228.026	0.573056
48.096	227.976	0.575722
48.296	227.926	0.574917
48.496	227.876	0.574125
48.696	227.826	0.57743
48.896	227.776	0.579042
49.096	227.726	0.579208
49.296	227.676	0.585264
49.496	227.626	0.579833
49.696	227.576	0.576778
49.896	227.526	0.576153
50.096	227.476	0.576903
50.296	227.426	0.578264
50.496	227.376	0.576403
50.696	227.326	0.57725
50.896	227.276	0.575764
51.096	227.226	0.577625
51.296	227.176	0.574306
51.496	227.126	0.573458
51.696	227.076	0.575945
51.896	227.026	0.57325
