11	0	816	0.0321875
11	4000	829	0.0327003
11	8000	809	0.0319114
11	12000	820	0.0323453
11	16000	815	0.0321481
11	20000	803	0.0316747
11	24000	812	0.0320298
11	28000	810	0.0319509
11	32000	823	0.0324637
11	36000	816	0.0321875
11	40000	811	0.0319903
11	44000	826	0.032582
11	48000	811	0.0319903
11	52000	835	0.032937
11	56000	816	0.0321875
11	60000	812	0.0320298
11	64000	816	0.0321875
11	68000	816	0.0321875
11	72000	810	0.0319509
11	76000	820	0.0323453
11	80000	812	0.0320298
11	84000	806	0.0317931
11	88000	814	0.0321086
11	92000	822	0.0324242
11	96000	833	0.0328581
11	100000	814	0.0321086
11	104000	820	0.0323453
11	108000	812	0.0320298
11	112000	802	0.0316353
11	116000	821	0.0323848
11	120000	810	0.0319509
11	124000	805	0.0317536
11	128000	815	0.0321481
11	132000	826	0.032582
11	136000	812	0.0320298
11	140000	818	0.0322664
11	144000	818	0.0322664
11	148000	830	0.0327398
11	152000	802	0.0316353
11	156000	808	0.031872
11	160000	826	0.032582
11	164000	819	0.0323059
11	168000	815	0.0321481
11	172000	816	0.0321875
11	176000	807	0.0318325
11	180000	808	0.031872
11	184000	807	0.0318325
11	188000	824	0.0325031
11	192000	807	0.0318325
11	196000	787	0.0310436
11	200000	818	0.0322664
11	204000	825	0.0325425
11	208000	808	0.031872
11	212000	816	0.0321875
11	216000	816	0.0321875
11	220000	814	0.0321086
11	224000	808	0.031872
11	228000	822	0.0324242
11	232000	824	0.0325031
11	236000	819	0.0323059
11	240000	814	0.0321086
11	244000	822	0.0324242
11	248000	801	0.0315959
11	252000	827	0.0326214
11	256000	814	0.0321086
11	260000	808	0.031872
11	264000	815	0.0321481
11	268000	811	0.0319903
11	272000	811	0.0319903
11	276000	820	0.0323453
11	280000	822	0.0324242
11	284000	817	0.032227
11	288000	807	0.0318325
11	292000	816	0.0321875
11	296000	803	0.0316747
11	300000	808	0.031872
11	304000	801	0.0315959
11	308000	809	0.0319114
11	312000	835	0.032937
11	316000	808	0.031872
11	320000	825	0.0325425
11	324000	813	0.0320692
11	328000	829	0.0327003
11	332000	822	0.0324242
11	336000	824	0.0325031
11	340000	805	0.0317536
11	344000	802	0.0316353
11	348000	811	0.0319903
11	352000	827	0.0326214
11	356000	806	0.0317931
11	360000	801	0.0315959
11	364000	823	0.0324637
11	368000	821	0.0323848
11	372000	827	0.0326214
11	376000	823	0.0324637
11	380000	816	0.0321875
11	384000	811	0.0319903
11	388000	818	0.0322664
11	392000	811	0.0319903
11	396000	811	0.0319903
11	400000	811	0.0319903
12	0	800	0.0315564
12	4000	805	0.0317536
12	8000	815	0.0321481
12	12000	805	0.0317536
12	16000	810	0.0319509
12	20000	821	0.0323848
12	24000	816	0.0321875
12	28000	813	0.0320692
12	32000	809	0.0319114
12	36000	805	0.0317536
12	40000	806	0.0317931
12	44000	811	0.0319903
12	48000	820	0.0323453
12	52000	823	0.0324637
12	56000	817	0.032227
12	60000	824	0.0325031
12	64000	822	0.0324242
12	68000	804	0.0317142
12	72000	804	0.0317142
12	76000	811	0.0319903
12	80000	815	0.0321481
12	84000	818	0.0322664
12	88000	812	0.0320298
12	92000	808	0.031872
12	96000	814	0.0321086
12	100000	816	0.0321875
12	104000	812	0.0320298
12	108000	831	0.0327792
12	112000	817	0.032227
12	116000	804	0.0317142
12	120000	807	0.0318325
12	124000	816	0.0321875
12	128000	806	0.0317931
12	132000	807	0.0318325
12	136000	813	0.0320692
12	140000	812	0.0320298
12	144000	811	0.0319903
12	148000	834	0.0328976
12	152000	822	0.0324242
12	156000	827	0.0326214
12	160000	826	0.032582
12	164000	808	0.031872
12	168000	805	0.0317536
12	172000	819	0.0323059
12	176000	804	0.0317142
12	180000	807	0.0318325
12	184000	811	0.0319903
12	188000	806	0.0317931
12	192000	823	0.0324637
12	196000	819	0.0323059
12	200000	822	0.0324242
12	204000	816	0.0321875
12	208000	821	0.0323848
12	212000	808	0.031872
12	216000	817	0.032227
12	220000	815	0.0321481
12	224000	828	0.0326609
12	228000	808	0.031872
12	232000	826	0.032582
12	236000	798	0.0314775
12	240000	819	0.0323059
12	244000	831	0.0327792
12	248000	819	0.0323059
12	252000	817	0.032227
12	256000	818	0.0322664
12	260000	800	0.0315564
12	264000	821	0.0323848
12	268000	808	0.031872
12	272000	820	0.0323453
12	276000	813	0.0320692
12	280000	826	0.032582
12	284000	822	0.0324242
12	288000	818	0.0322664
12	292000	810	0.0319509
12	296000	821	0.0323848
12	300000	815	0.0321481
12	304000	815	0.0321481
12	308000	822	0.0324242
12	312000	804	0.0317142
12	316000	818	0.0322664
12	320000	825	0.0325425
12	324000	819	0.0323059
12	328000	808	0.031872
12	332000	813	0.0320692
12	336000	828	0.0326609
12	340000	814	0.0321086
12	344000	819	0.0323059
12	348000	805	0.0317536
12	352000	829	0.0327003
12	356000	824	0.0325031
12	360000	820	0.0323453
12	364000	817	0.032227
12	368000	825	0.0325425
12	372000	813	0.0320692
12	376000	824	0.0325031
12	380000	810	0.0319509
12	384000	820	0.0323453
12	388000	809	0.0319114
12	392000	800	0.0315564
12	396000	830	0.0327398
12	400000	815	0.0321481
13	0	816	0.0321875
13	4000	803	0.0316747
13	8000	822	0.0324242
13	12000	820	0.0323453
13	16000	824	0.0325031
13	20000	821	0.0323848
13	24000	811	0.0319903
13	28000	821	0.0323848
13	32000	806	0.0317931
13	36000	810	0.0319509
13	40000	812	0.0320298
13	44000	822	0.0324242
13	48000	815	0.0321481
13	52000	814	0.0321086
13	56000	810	0.0319509
13	60000	830	0.0327398
13	64000	815	0.0321481
13	68000	819	0.0323059
13	72000	832	0.0328187
13	76000	823	0.0324637
13	80000	834	0.0328976
13	84000	818	0.0322664
13	88000	822	0.0324242
13	92000	823	0.0324637
13	96000	819	0.0323059
13	100000	821	0.0323848
13	104000	815	0.0321481
13	108000	797	0.0314381
13	112000	815	0.0321481
13	116000	822	0.0324242
13	120000	814	0.0321086
13	124000	814	0.0321086
13	128000	809	0.0319114
13	132000	811	0.0319903
13	136000	819	0.0323059
13	140000	818	0.0322664
13	144000	811	0.0319903
13	148000	818	0.0322664
13	152000	821	0.0323848
13	156000	827	0.0326214
13	160000	820	0.0323453
13	164000	820	0.0323453
13	168000	802	0.0316353
13	172000	827	0.0326214
13	176000	811	0.0319903
13	180000	817	0.032227
13	184000	794	0.0313197
13	188000	814	0.0321086
13	192000	822	0.0324242
13	196000	813	0.0320692
13	200000	824	0.0325031
13	204000	820	0.0323453
13	208000	822	0.0324242
13	212000	824	0.0325031
13	216000	821	0.0323848
13	220000	808	0.031872
13	224000	821	0.0323848
13	228000	819	0.0323059
13	232000	821	0.0323848
13	236000	812	0.0320298
13	240000	819	0.0323059
13	244000	814	0.0321086
13	248000	814	0.0321086
13	252000	814	0.0321086
13	256000	818	0.0322664
13	260000	814	0.0321086
13	264000	813	0.0320692
13	268000	800	0.0315564
13	272000	820	0.0323453
13	276000	815	0.0321481
13	280000	813	0.0320692
13	284000	815	0.0321481
13	288000	809	0.0319114
13	292000	815	0.0321481
13	296000	823	0.0324637
13	300000	833	0.0328581
13	304000	822	0.0324242
13	308000	802	0.0316353
13	312000	813	0.0320692
13	316000	804	0.0317142
13	320000	813	0.0320692
13	324000	824	0.0325031
13	328000	820	0.0323453
13	332000	815	0.0321481
13	336000	812	0.0320298
13	340000	814	0.0321086
13	344000	815	0.0321481
13	348000	822	0.0324242
13	352000	810	0.0319509
13	356000	839	0.0330948
13	360000	814	0.0321086
13	364000	810	0.0319509
13	368000	813	0.0320692
13	372000	818	0.0322664
13	376000	817	0.032227
13	380000	818	0.0322664
13	384000	831	0.0327792
13	388000	819	0.0323059
13	392000	824	0.0325031
13	396000	813	0.0320692
13	400000	826	0.032582
14	0	809	0.0319114
14	4000	815	0.0321481
14	8000	815	0.0321481
14	12000	814	0.0321086
14	16000	812	0.0320298
14	20000	825	0.0325425
14	24000	815	0.0321481
14	28000	826	0.032582
14	32000	808	0.031872
14	36000	811	0.0319903
14	40000	816	0.0321875
14	44000	809	0.0319114
14	48000	817	0.032227
14	52000	801	0.0315959
14	56000	813	0.0320692
14	60000	805	0.0317536
14	64000	818	0.0322664
14	68000	815	0.0321481
14	72000	825	0.0325425
14	76000	827	0.0326214
14	80000	814	0.0321086
14	84000	819	0.0323059
14	88000	830	0.0327398
14	92000	827	0.0326214
14	96000	815	0.0321481
14	100000	809	0.0319114
14	104000	802	0.0316353
14	108000	817	0.032227
14	112000	809	0.0319114
14	116000	817	0.032227
14	120000	809	0.0319114
14	124000	815	0.0321481
14	128000	804	0.0317142
14	132000	817	0.032227
14	136000	827	0.0326214
14	140000	832	0.0328187
14	144000	814	0.0321086
14	148000	810	0.0319509
14	152000	817	0.032227
14	156000	829	0.0327003
14	160000	827	0.0326214
14	164000	822	0.0324242
14	168000	817	0.032227
14	172000	815	0.0321481
14	176000	817	0.032227
14	180000	808	0.031872
14	184000	826	0.032582
14	188000	806	0.0317931
14	192000	803	0.0316747
14	196000	823	0.0324637
14	200000	825	0.0325425
14	204000	821	0.0323848
14	208000	807	0.0318325
14	212000	823	0.0324637
14	216000	820	0.0323453
14	220000	821	0.0323848
14	224000	814	0.0321086
14	228000	811	0.0319903
14	232000	816	0.0321875
14	236000	817	0.032227
14	240000	826	0.032582
14	244000	816	0.0321875
14	248000	831	0.0327792
14	252000	813	0.0320692
14	256000	827	0.0326214
14	260000	791	0.0312014
14	264000	811	0.0319903
14	268000	812	0.0320298
14	272000	816	0.0321875
14	276000	808	0.031872
14	280000	808	0.031872
14	284000	824	0.0325031
14	288000	810	0.0319509
14	292000	814	0.0321086
14	296000	816	0.0321875
14	300000	816	0.0321875
14	304000	814	0.0321086
14	308000	821	0.0323848
14	312000	803	0.0316747
14	316000	812	0.0320298
14	320000	811	0.0319903
14	324000	829	0.0327003
14	328000	821	0.0323848
14	332000	811	0.0319903
14	336000	823	0.0324637
14	340000	816	0.0321875
14	344000	810	0.0319509
14	348000	805	0.0317536
14	352000	823	0.0324637
14	356000	802	0.0316353
14	360000	817	0.032227
14	364000	812	0.0320298
14	368000	813	0.0320692
14	372000	813	0.0320692
14	376000	821	0.0323848
14	380000	817	0.032227
14	384000	819	0.0323059
14	388000	811	0.0319903
14	392000	813	0.0320692
14	396000	827	0.0326214
14	400000	818	0.0322664
15	0	816	0.0321875
15	4000	817	0.032227
15	8000	822	0.0324242
15	12000	818	0.0322664
15	16000	817	0.032227
15	20000	818	0.0322664
15	24000	810	0.0319509
15	28000	804	0.0317142
15	32000	816	0.0321875
15	36000	812	0.0320298
15	40000	823	0.0324637
15	44000	825	0.0325425
15	48000	823	0.0324637
15	52000	801	0.0315959
15	56000	828	0.0326609
15	60000	817	0.032227
15	64000	808	0.031872
15	68000	818	0.0322664
15	72000	808	0.031872
15	76000	817	0.032227
15	80000	818	0.0322664
15	84000	816	0.0321875
15	88000	817	0.032227
15	92000	802	0.0316353
15	96000	818	0.0322664
15	100000	809	0.0319114
15	104000	815	0.0321481
15	108000	805	0.0317536
15	112000	817	0.032227
15	116000	806	0.0317931
15	120000	815	0.0321481
15	124000	821	0.0323848
15	128000	809	0.0319114
15	132000	816	0.0321875
15	136000	816	0.0321875
15	140000	810	0.0319509
15	144000	816	0.0321875
15	148000	829	0.0327003
15	152000	818	0.0322664
15	156000	804	0.0317142
15	160000	817	0.032227
15	164000	800	0.0315564
15	168000	815	0.0321481
15	172000	811	0.0319903
15	176000	817	0.032227
15	180000	810	0.0319509
15	184000	804	0.0317142
15	188000	807	0.0318325
15	192000	833	0.0328581
15	196000	820	0.0323453
15	200000	812	0.0320298
15	204000	805	0.0317536
15	208000	805	0.0317536
15	212000	819	0.0323059
15	216000	816	0.0321875
15	220000	804	0.0317142
15	224000	827	0.0326214
15	228000	814	0.0321086
15	232000	815	0.0321481
15	236000	812	0.0320298
15	240000	806	0.0317931
15	244000	809	0.0319114
15	248000	815	0.0321481
15	252000	813	0.0320692
15	256000	833	0.0328581
15	260000	806	0.0317931
15	264000	796	0.0313986
15	268000	808	0.031872
15	272000	808	0.031872
15	276000	809	0.0319114
15	280000	820	0.0323453
15	284000	806	0.0317931
15	288000	820	0.0323453
15	292000	815	0.0321481
15	296000	822	0.0324242
15	300000	821	0.0323848
15	304000	812	0.0320298
15	308000	820	0.0323453
15	312000	800	0.0315564
15	316000	818	0.0322664
15	320000	807	0.0318325
15	324000	810	0.0319509
15	328000	814	0.0321086
15	332000	809	0.0319114
15	336000	822	0.0324242
15	340000	824	0.0325031
15	344000	801	0.0315959
15	348000	801	0.0315959
15	352000	822	0.0324242
15	356000	814	0.0321086
15	360000	813	0.0320692
15	364000	820	0.0323453
15	368000	810	0.0319509
15	372000	811	0.0319903
15	376000	811	0.0319903
15	380000	814	0.0321086
15	384000	825	0.0325425
15	388000	815	0.0321481
15	392000	818	0.0322664
15	396000	821	0.0323848
15	400000	813	0.0320692
16	0	815	0.0321481
16	4000	812	0.0320298
16	8000	818	0.0322664
16	12000	829	0.0327003
16	16000	815	0.0321481
16	20000	807	0.0318325
16	24000	822	0.0324242
16	28000	830	0.0327398
16	32000	815	0.0321481
16	36000	817	0.032227
16	40000	812	0.0320298
16	44000	828	0.0326609
16	48000	808	0.031872
16	52000	817	0.032227
16	56000	818	0.0322664
16	60000	823	0.0324637
16	64000	819	0.0323059
16	68000	805	0.0317536
16	72000	803	0.0316747
16	76000	815	0.0321481
16	80000	800	0.0315564
16	84000	810	0.0319509
16	88000	821	0.0323848
16	92000	823	0.0324637
16	96000	813	0.0320692
16	100000	818	0.0322664
16	104000	820	0.0323453
16	108000	808	0.031872
16	112000	810	0.0319509
16	116000	812	0.0320298
16	120000	828	0.0326609
16	124000	806	0.0317931
16	128000	825	0.0325425
16	132000	819	0.0323059
16	136000	823	0.0324637
16	140000	812	0.0320298
16	144000	829	0.0327003
16	148000	826	0.032582
16	152000	812	0.0320298
16	156000	828	0.0326609
16	160000	828	0.0326609
16	164000	815	0.0321481
16	168000	816	0.0321875
16	172000	817	0.032227
16	176000	816	0.0321875
16	180000	818	0.0322664
16	184000	814	0.0321086
16	188000	816	0.0321875
16	192000	817	0.032227
16	196000	813	0.0320692
16	200000	814	0.0321086
16	204000	811	0.0319903
16	208000	811	0.0319903
16	212000	808	0.031872
16	216000	805	0.0317536
16	220000	807	0.0318325
16	224000	820	0.0323453
16	228000	814	0.0321086
16	232000	809	0.0319114
16	236000	807	0.0318325
16	240000	817	0.032227
16	244000	810	0.0319509
16	248000	826	0.032582
16	252000	818	0.0322664
16	256000	816	0.0321875
16	260000	810	0.0319509
16	264000	819	0.0323059
16	268000	822	0.0324242
16	272000	812	0.0320298
16	276000	821	0.0323848
16	280000	826	0.032582
16	284000	828	0.0326609
16	288000	817	0.032227
16	292000	813	0.0320692
16	296000	814	0.0321086
16	300000	810	0.0319509
16	304000	817	0.032227
16	308000	805	0.0317536
16	312000	811	0.0319903
16	316000	806	0.0317931
16	320000	813	0.0320692
16	324000	811	0.0319903
16	328000	804	0.0317142
16	332000	816	0.0321875
16	336000	834	0.0328976
16	340000	818	0.0322664
16	344000	816	0.0321875
16	348000	820	0.0323453
16	352000	819	0.0323059
16	356000	825	0.0325425
16	360000	818	0.0322664
16	364000	819	0.0323059
16	368000	825	0.0325425
16	372000	804	0.0317142
16	376000	817	0.032227
16	380000	823	0.0324637
16	384000	803	0.0316747
16	388000	814	0.0321086
16	392000	820	0.0323453
16	396000	813	0.0320692
16	400000	808	0.031872
17	0	834	0.0328976
17	4000	809	0.0319114
17	8000	831	0.0327792
17	12000	811	0.0319903
17	16000	801	0.0315959
17	20000	804	0.0317142
17	24000	812	0.0320298
17	28000	801	0.0315959
17	32000	824	0.0325031
17	36000	819	0.0323059
17	40000	809	0.0319114
17	44000	810	0.0319509
17	48000	818	0.0322664
17	52000	825	0.0325425
17	56000	802	0.0316353
17	60000	820	0.0323453
17	64000	815	0.0321481
17	68000	834	0.0328976
17	72000	823	0.0324637
17	76000	816	0.0321875
17	80000	815	0.0321481
17	84000	821	0.0323848
17	88000	820	0.0323453
17	92000	822	0.0324242
17	96000	816	0.0321875
17	100000	818	0.0322664
17	104000	820	0.0323453
17	108000	820	0.0323453
17	112000	819	0.0323059
17	116000	821	0.0323848
17	120000	813	0.0320692
17	124000	811	0.0319903
17	128000	810	0.0319509
17	132000	817	0.032227
17	136000	803	0.0316747
17	140000	822	0.0324242
17	144000	819	0.0323059
17	148000	837	0.0330159
17	152000	807	0.0318325
17	156000	811	0.0319903
17	160000	815	0.0321481
17	164000	820	0.0323453
17	168000	819	0.0323059
17	172000	802	0.0316353
17	176000	813	0.0320692
17	180000	809	0.0319114
17	184000	811	0.0319903
17	188000	814	0.0321086
17	192000	802	0.0316353
17	196000	803	0.0316747
17	200000	813	0.0320692
17	204000	811	0.0319903
17	208000	806	0.0317931
17	212000	812	0.0320298
17	216000	814	0.0321086
17	220000	827	0.0326214
17	224000	817	0.032227
17	228000	816	0.0321875
17	232000	836	0.0329764
17	236000	822	0.0324242
17	240000	803	0.0316747
17	244000	789	0.0311225
17	248000	813	0.0320692
17	252000	818	0.0322664
17	256000	804	0.0317142
17	260000	812	0.0320298
17	264000	816	0.0321875
17	268000	806	0.0317931
17	272000	807	0.0318325
17	276000	810	0.0319509
17	280000	814	0.0321086
17	284000	825	0.0325425
17	288000	814	0.0321086
17	292000	819	0.0323059
17	296000	829	0.0327003
17	300000	808	0.031872
17	304000	815	0.0321481
17	308000	819	0.0323059
17	312000	813	0.0320692
17	316000	813	0.0320692
17	320000	821	0.0323848
17	324000	814	0.0321086
17	328000	803	0.0316747
17	332000	823	0.0324637
17	336000	810	0.0319509
17	340000	824	0.0325031
17	344000	813	0.0320692
17	348000	810	0.0319509
17	352000	813	0.0320692
17	356000	825	0.0325425
17	360000	797	0.0314381
17	364000	812	0.0320298
17	368000	817	0.032227
17	372000	816	0.0321875
17	376000	827	0.0326214
17	380000	819	0.0323059
17	384000	814	0.0321086
17	388000	818	0.0322664
17	392000	826	0.032582
17	396000	817	0.032227
17	400000	805	0.0317536
18	0	819	0.0323059
18	4000	814	0.0321086
18	8000	791	0.0312014
18	12000	822	0.0324242
18	16000	817	0.032227
18	20000	813	0.0320692
18	24000	828	0.0326609
18	28000	811	0.0319903
18	32000	816	0.0321875
18	36000	812	0.0320298
18	40000	817	0.032227
18	44000	811	0.0319903
18	48000	818	0.0322664
18	52000	804	0.0317142
18	56000	820	0.0323453
18	60000	820	0.0323453
18	64000	814	0.0321086
18	68000	821	0.0323848
18	72000	824	0.0325031
18	76000	812	0.0320298
18	80000	819	0.0323059
18	84000	817	0.032227
18	88000	804	0.0317142
18	92000	809	0.0319114
18	96000	820	0.0323453
18	100000	813	0.0320692
18	104000	812	0.0320298
18	108000	826	0.032582
18	112000	818	0.0322664
18	116000	815	0.0321481
18	120000	824	0.0325031
18	124000	832	0.0328187
18	128000	818	0.0322664
18	132000	811	0.0319903
18	136000	813	0.0320692
18	140000	828	0.0326609
18	144000	819	0.0323059
18	148000	822	0.0324242
18	152000	825	0.0325425
18	156000	819	0.0323059
18	160000	814	0.0321086
18	164000	823	0.0324637
18	168000	823	0.0324637
18	172000	808	0.031872
18	176000	810	0.0319509
18	180000	820	0.0323453
18	184000	801	0.0315959
18	188000	818	0.0322664
18	192000	812	0.0320298
18	196000	813	0.0320692
18	200000	825	0.0325425
18	204000	814	0.0321086
18	208000	815	0.0321481
18	212000	810	0.0319509
18	216000	828	0.0326609
18	220000	813	0.0320692
18	224000	814	0.0321086
18	228000	820	0.0323453
18	232000	804	0.0317142
18	236000	820	0.0323453
18	240000	828	0.0326609
18	244000	807	0.0318325
18	248000	809	0.0319114
18	252000	825	0.0325425
18	256000	821	0.0323848
18	260000	838	0.0330553
18	264000	814	0.0321086
18	268000	810	0.0319509
18	272000	822	0.0324242
18	276000	809	0.0319114
18	280000	822	0.0324242
18	284000	827	0.0326214
18	288000	812	0.0320298
18	292000	811	0.0319903
18	296000	821	0.0323848
18	300000	809	0.0319114
18	304000	830	0.0327398
18	308000	827	0.0326214
18	312000	823	0.0324637
18	316000	820	0.0323453
18	320000	813	0.0320692
18	324000	825	0.0325425
18	328000	811	0.0319903
18	332000	824	0.0325031
18	336000	814	0.0321086
18	340000	810	0.0319509
18	344000	813	0.0320692
18	348000	822	0.0324242
18	352000	795	0.0313592
18	356000	806	0.0317931
18	360000	824	0.0325031
18	364000	820	0.0323453
18	368000	824	0.0325031
18	372000	829	0.0327003
18	376000	801	0.0315959
18	380000	808	0.031872
18	384000	808	0.031872
18	388000	805	0.0317536
18	392000	794	0.0313197
18	396000	811	0.0319903
18	400000	811	0.0319903
19	0	811	0.0319903
19	4000	823	0.0324637
19	8000	820	0.0323453
19	12000	809	0.0319114
19	16000	813	0.0320692
19	20000	814	0.0321086
19	24000	821	0.0323848
19	28000	808	0.031872
19	32000	828	0.0326609
19	36000	812	0.0320298
19	40000	812	0.0320298
19	44000	822	0.0324242
19	48000	823	0.0324637
19	52000	827	0.0326214
19	56000	824	0.0325031
19	60000	820	0.0323453
19	64000	819	0.0323059
19	68000	824	0.0325031
19	72000	812	0.0320298
19	76000	816	0.0321875
19	80000	826	0.032582
19	84000	811	0.0319903
19	88000	822	0.0324242
19	92000	810	0.0319509
19	96000	816	0.0321875
19	100000	830	0.0327398
19	104000	795	0.0313592
19	108000	821	0.0323848
19	112000	820	0.0323453
19	116000	814	0.0321086
19	120000	805	0.0317536
19	124000	805	0.0317536
19	128000	813	0.0320692
19	132000	822	0.0324242
19	136000	819	0.0323059
19	140000	814	0.0321086
19	144000	816	0.0321875
19	148000	819	0.0323059
19	152000	820	0.0323453
19	156000	810	0.0319509
19	160000	822	0.0324242
19	164000	807	0.0318325
19	168000	816	0.0321875
19	172000	830	0.0327398
19	176000	792	0.0312408
19	180000	821	0.0323848
19	184000	812	0.0320298
19	188000	817	0.032227
19	192000	814	0.0321086
19	196000	804	0.0317142
19	200000	809	0.0319114
19	204000	807	0.0318325
19	208000	817	0.032227
19	212000	815	0.0321481
19	216000	821	0.0323848
19	220000	814	0.0321086
19	224000	814	0.0321086
19	228000	828	0.0326609
19	232000	823	0.0324637
19	236000	828	0.0326609
19	240000	816	0.0321875
19	244000	834	0.0328976
19	248000	819	0.0323059
19	252000	812	0.0320298
19	256000	804	0.0317142
19	260000	814	0.0321086
19	264000	818	0.0322664
19	268000	820	0.0323453
19	272000	811	0.0319903
19	276000	807	0.0318325
19	280000	812	0.0320298
19	284000	823	0.0324637
19	288000	823	0.0324637
19	292000	806	0.0317931
19	296000	816	0.0321875
19	300000	820	0.0323453
19	304000	804	0.0317142
19	308000	813	0.0320692
19	312000	822	0.0324242
19	316000	814	0.0321086
19	320000	834	0.0328976
19	324000	813	0.0320692
19	328000	819	0.0323059
19	332000	818	0.0322664
19	336000	820	0.0323453
19	340000	811	0.0319903
19	344000	802	0.0316353
19	348000	811	0.0319903
19	352000	805	0.0317536
19	356000	821	0.0323848
19	360000	810	0.0319509
19	364000	803	0.0316747
19	368000	814	0.0321086
19	372000	830	0.0327398
19	376000	806	0.0317931
19	380000	820	0.0323453
19	384000	814	0.0321086
19	388000	819	0.0323059
19	392000	811	0.0319903
19	396000	822	0.0324242
19	400000	803	0.0316747
20	0	811	0.0319903
20	4000	818	0.0322664
20	8000	799	0.031517
20	12000	829	0.0327003
20	16000	815	0.0321481
20	20000	816	0.0321875
20	24000	821	0.0323848
20	28000	817	0.032227
20	32000	815	0.0321481
20	36000	821	0.0323848
20	40000	812	0.0320298
20	44000	827	0.0326214
20	48000	817	0.032227
20	52000	811	0.0319903
20	56000	821	0.0323848
20	60000	810	0.0319509
20	64000	818	0.0322664
20	68000	810	0.0319509
20	72000	826	0.032582
20	76000	811	0.0319903
20	80000	819	0.0323059
20	84000	817	0.032227
20	88000	803	0.0316747
20	92000	814	0.0321086
20	96000	817	0.032227
20	100000	814	0.0321086
20	104000	826	0.032582
20	108000	811	0.0319903
20	112000	812	0.0320298
20	116000	812	0.0320298
20	120000	825	0.0325425
20	124000	812	0.0320298
20	128000	808	0.031872
20	132000	821	0.0323848
20	136000	815	0.0321481
20	140000	815	0.0321481
20	144000	822	0.0324242
20	148000	821	0.0323848
20	152000	815	0.0321481
20	156000	813	0.0320692
20	160000	818	0.0322664
20	164000	802	0.0316353
20	168000	821	0.0323848
20	172000	809	0.0319114
20	176000	815	0.0321481
20	180000	804	0.0317142
20	184000	814	0.0321086
20	188000	812	0.0320298
20	192000	808	0.031872
20	196000	819	0.0323059
20	200000	825	0.0325425
20	204000	805	0.0317536
20	208000	810	0.0319509
20	212000	818	0.0322664
20	216000	818	0.0322664
20	220000	811	0.0319903
20	224000	808	0.031872
20	228000	806	0.0317931
20	232000	823	0.0324637
20	236000	806	0.0317931
20	240000	817	0.032227
20	244000	811	0.0319903
20	248000	817	0.032227
20	252000	820	0.0323453
20	256000	808	0.031872
20	260000	827	0.0326214
20	264000	835	0.032937
20	268000	806	0.0317931
20	272000	827	0.0326214
20	276000	821	0.0323848
20	280000	825	0.0325425
20	284000	823	0.0324637
20	288000	807	0.0318325
20	292000	805	0.0317536
20	296000	806	0.0317931
20	300000	820	0.0323453
20	304000	799	0.031517
20	308000	804	0.0317142
20	312000	822	0.0324242
20	316000	810	0.0319509
20	320000	809	0.0319114
20	324000	809	0.0319114
20	328000	810	0.0319509
20	332000	809	0.0319114
20	336000	822	0.0324242
20	340000	823	0.0324637
20	344000	819	0.0323059
20	348000	818	0.0322664
20	352000	808	0.031872
20	356000	813	0.0320692
20	360000	803	0.0316747
20	364000	806	0.0317931
20	368000	791	0.0312014
20	372000	813	0.0320692
20	376000	818	0.0322664
20	380000	819	0.0323059
20	384000	831	0.0327792
20	388000	805	0.0317536
20	392000	807	0.0318325
20	396000	815	0.0321481
20	400000	808	0.031872
21	0	799	0.031517
21	4000	812	0.0320298
21	8000	797	0.0314381
21	12000	820	0.0323453
21	16000	824	0.0325031
21	20000	815	0.0321481
21	24000	822	0.0324242
21	28000	814	0.0321086
21	32000	824	0.0325031
21	36000	824	0.0325031
21	40000	806	0.0317931
21	44000	812	0.0320298
21	48000	808	0.031872
21	52000	822	0.0324242
21	56000	811	0.0319903
21	60000	816	0.0321875
21	64000	816	0.0321875
21	68000	824	0.0325031
21	72000	805	0.0317536
21	76000	828	0.0326609
21	80000	810	0.0319509
21	84000	827	0.0326214
21	88000	803	0.0316747
21	92000	821	0.0323848
21	96000	817	0.032227
21	100000	813	0.0320692
21	104000	811	0.0319903
21	108000	826	0.032582
21	112000	807	0.0318325
21	116000	797	0.0314381
21	120000	832	0.0328187
21	124000	806	0.0317931
21	128000	810	0.0319509
21	132000	828	0.0326609
21	136000	822	0.0324242
21	140000	835	0.032937
21	144000	805	0.0317536
21	148000	827	0.0326214
21	152000	817	0.032227
21	156000	806	0.0317931
21	160000	826	0.032582
21	164000	805	0.0317536
21	168000	811	0.0319903
21	172000	820	0.0323453
21	176000	821	0.0323848
21	180000	810	0.0319509
21	184000	817	0.032227
21	188000	823	0.0324637
21	192000	819	0.0323059
21	196000	819	0.0323059
21	200000	804	0.0317142
21	204000	820	0.0323453
21	208000	826	0.032582
21	212000	808	0.031872
21	216000	813	0.0320692
21	220000	825	0.0325425
21	224000	821	0.0323848
21	228000	832	0.0328187
21	232000	805	0.0317536
21	236000	817	0.032227
21	240000	812	0.0320298
21	244000	812	0.0320298
21	248000	813	0.0320692
21	252000	805	0.0317536
21	256000	812	0.0320298
21	260000	819	0.0323059
21	264000	814	0.0321086
21	268000	819	0.0323059
21	272000	806	0.0317931
21	276000	823	0.0324637
21	280000	825	0.0325425
21	284000	825	0.0325425
21	288000	821	0.0323848
21	292000	806	0.0317931
21	296000	828	0.0326609
21	300000	809	0.0319114
21	304000	818	0.0322664
21	308000	815	0.0321481
21	312000	822	0.0324242
21	316000	835	0.032937
21	320000	814	0.0321086
21	324000	815	0.0321481
21	328000	809	0.0319114
21	332000	805	0.0317536
21	336000	816	0.0321875
21	340000	799	0.031517
21	344000	820	0.0323453
21	348000	811	0.0319903
21	352000	812	0.0320298
21	356000	819	0.0323059
21	360000	819	0.0323059
21	364000	817	0.032227
21	368000	821	0.0323848
21	372000	810	0.0319509
21	376000	824	0.0325031
21	380000	801	0.0315959
21	384000	816	0.0321875
21	388000	804	0.0317142
21	392000	809	0.0319114
21	396000	820	0.0323453
21	400000	811	0.0319903
22	0	810	0.0319509
22	4000	811	0.0319903
22	8000	820	0.0323453
22	12000	815	0.0321481
22	16000	808	0.031872
22	20000	818	0.0322664
22	24000	808	0.031872
22	28000	817	0.032227
22	32000	804	0.0317142
22	36000	842	0.0332131
22	40000	833	0.0328581
22	44000	822	0.0324242
22	48000	821	0.0323848
22	52000	805	0.0317536
22	56000	814	0.0321086
22	60000	819	0.0323059
22	64000	827	0.0326214
22	68000	816	0.0321875
22	72000	805	0.0317536
22	76000	823	0.0324637
22	80000	808	0.031872
22	84000	801	0.0315959
22	88000	823	0.0324637
22	92000	809	0.0319114
22	96000	827	0.0326214
22	100000	821	0.0323848
22	104000	816	0.0321875
22	108000	823	0.0324637
22	112000	830	0.0327398
22	116000	819	0.0323059
22	120000	819	0.0323059
22	124000	820	0.0323453
22	128000	818	0.0322664
22	132000	810	0.0319509
22	136000	823	0.0324637
22	140000	821	0.0323848
22	144000	821	0.0323848
22	148000	810	0.0319509
22	152000	795	0.0313592
22	156000	809	0.0319114
22	160000	814	0.0321086
22	164000	812	0.0320298
22	168000	806	0.0317931
22	172000	817	0.032227
22	176000	816	0.0321875
22	180000	807	0.0318325
22	184000	829	0.0327003
22	188000	817	0.032227
22	192000	825	0.0325425
22	196000	830	0.0327398
22	200000	822	0.0324242
22	204000	805	0.0317536
22	208000	832	0.0328187
22	212000	814	0.0321086
22	216000	807	0.0318325
22	220000	816	0.0321875
22	224000	825	0.0325425
22	228000	827	0.0326214
22	232000	811	0.0319903
22	236000	822	0.0324242
22	240000	819	0.0323059
22	244000	822	0.0324242
22	248000	808	0.031872
22	252000	822	0.0324242
22	256000	811	0.0319903
22	260000	807	0.0318325
22	264000	815	0.0321481
22	268000	811	0.0319903
22	272000	802	0.0316353
22	276000	815	0.0321481
22	280000	807	0.0318325
22	284000	817	0.032227
22	288000	802	0.0316353
22	292000	806	0.0317931
22	296000	809	0.0319114
22	300000	821	0.0323848
22	304000	814	0.0321086
22	308000	810	0.0319509
22	312000	820	0.0323453
22	316000	813	0.0320692
22	320000	807	0.0318325
22	324000	809	0.0319114
22	328000	812	0.0320298
22	332000	821	0.0323848
22	336000	806	0.0317931
22	340000	818	0.0322664
22	344000	822	0.0324242
22	348000	810	0.0319509
22	352000	834	0.0328976
22	356000	815	0.0321481
22	360000	808	0.031872
22	364000	803	0.0316747
22	368000	821	0.0323848
22	372000	814	0.0321086
22	376000	820	0.0323453
22	380000	810	0.0319509
22	384000	808	0.031872
22	388000	809	0.0319114
22	392000	819	0.0323059
22	396000	817	0.032227
22	400000	811	0.0319903
23	0	805	0.0317536
23	4000	814	0.0321086
23	8000	808	0.031872
23	12000	819	0.0323059
23	16000	818	0.0322664
23	20000	816	0.0321875
23	24000	806	0.0317931
23	28000	818	0.0322664
23	32000	801	0.0315959
23	36000	815	0.0321481
23	40000	812	0.0320298
23	44000	816	0.0321875
23	48000	809	0.0319114
23	52000	830	0.0327398
23	56000	809	0.0319114
23	60000	821	0.0323848
23	64000	834	0.0328976
23	68000	833	0.0328581
23	72000	820	0.0323453
23	76000	802	0.0316353
23	80000	811	0.0319903
23	84000	803	0.0316747
23	88000	815	0.0321481
23	92000	816	0.0321875
23	96000	816	0.0321875
23	100000	822	0.0324242
23	104000	825	0.0325425
23	108000	809	0.0319114
23	112000	830	0.0327398
23	116000	797	0.0314381
23	120000	819	0.0323059
23	124000	818	0.0322664
23	128000	801	0.0315959
23	132000	802	0.0316353
23	136000	806	0.0317931
23	140000	815	0.0321481
23	144000	814	0.0321086
23	148000	811	0.0319903
23	152000	817	0.032227
23	156000	812	0.0320298
23	160000	818	0.0322664
23	164000	812	0.0320298
23	168000	820	0.0323453
23	172000	802	0.0316353
23	176000	815	0.0321481
23	180000	825	0.0325425
23	184000	825	0.0325425
23	188000	805	0.0317536
23	192000	810	0.0319509
23	196000	807	0.0318325
23	200000	817	0.032227
23	204000	801	0.0315959
23	208000	824	0.0325031
23	212000	816	0.0321875
23	216000	807	0.0318325
23	220000	816	0.0321875
23	224000	819	0.0323059
23	228000	809	0.0319114
23	232000	808	0.031872
23	236000	810	0.0319509
23	240000	805	0.0317536
23	244000	836	0.0329764
23	248000	811	0.0319903
23	252000	807	0.0318325
23	256000	812	0.0320298
23	260000	820	0.0323453
23	264000	830	0.0327398
23	268000	813	0.0320692
23	272000	811	0.0319903
23	276000	818	0.0322664
23	280000	819	0.0323059
23	284000	803	0.0316747
23	288000	817	0.032227
23	292000	816	0.0321875
23	296000	820	0.0323453
23	300000	806	0.0317931
23	304000	813	0.0320692
23	308000	803	0.0316747
23	312000	820	0.0323453
23	316000	812	0.0320298
23	320000	818	0.0322664
23	324000	812	0.0320298
23	328000	827	0.0326214
23	332000	823	0.0324637
23	336000	815	0.0321481
23	340000	795	0.0313592
23	344000	804	0.0317142
23	348000	826	0.032582
23	352000	811	0.0319903
23	356000	812	0.0320298
23	360000	827	0.0326214
23	364000	816	0.0321875
23	368000	804	0.0317142
23	372000	827	0.0326214
23	376000	831	0.0327792
23	380000	813	0.0320692
23	384000	807	0.0318325
23	388000	822	0.0324242
23	392000	807	0.0318325
23	396000	808	0.031872
23	400000	826	0.032582
24	0	810	0.0319509
24	4000	808	0.031872
24	8000	814	0.0321086
24	12000	822	0.0324242
24	16000	814	0.0321086
24	20000	812	0.0320298
24	24000	814	0.0321086
24	28000	813	0.0320692
24	32000	829	0.0327003
24	36000	824	0.0325031
24	40000	797	0.0314381
24	44000	816	0.0321875
24	48000	806	0.0317931
24	52000	814	0.0321086
24	56000	806	0.0317931
24	60000	814	0.0321086
24	64000	817	0.032227
24	68000	806	0.0317931
24	72000	810	0.0319509
24	76000	824	0.0325031
24	80000	807	0.0318325
24	84000	806	0.0317931
24	88000	811	0.0319903
24	92000	818	0.0322664
24	96000	815	0.0321481
24	100000	823	0.0324637
24	104000	816	0.0321875
24	108000	830	0.0327398
24	112000	814	0.0321086
24	116000	816	0.0321875
24	120000	817	0.032227
24	124000	811	0.0319903
24	128000	805	0.0317536
24	132000	808	0.031872
24	136000	817	0.032227
24	140000	814	0.0321086
24	144000	825	0.0325425
24	148000	805	0.0317536
24	152000	828	0.0326609
24	156000	813	0.0320692
24	160000	820	0.0323453
24	164000	808	0.031872
24	168000	818	0.0322664
24	172000	814	0.0321086
24	176000	808	0.031872
24	180000	819	0.0323059
24	184000	818	0.0322664
24	188000	820	0.0323453
24	192000	809	0.0319114
24	196000	823	0.0324637
24	200000	822	0.0324242
24	204000	818	0.0322664
24	208000	813	0.0320692
24	212000	823	0.0324637
24	216000	811	0.0319903
24	220000	810	0.0319509
24	224000	820	0.0323453
24	228000	818	0.0322664
24	232000	798	0.0314775
24	236000	827	0.0326214
24	240000	819	0.0323059
24	244000	825	0.0325425
24	248000	801	0.0315959
24	252000	818	0.0322664
24	256000	814	0.0321086
24	260000	836	0.0329764
24	264000	812	0.0320298
24	268000	812	0.0320298
24	272000	804	0.0317142
24	276000	827	0.0326214
24	280000	827	0.0326214
24	284000	814	0.0321086
24	288000	817	0.032227
24	292000	818	0.0322664
24	296000	816	0.0321875
24	300000	820	0.0323453
24	304000	815	0.0321481
24	308000	812	0.0320298
24	312000	823	0.0324637
24	316000	818	0.0322664
24	320000	812	0.0320298
24	324000	814	0.0321086
24	328000	818	0.0322664
24	332000	826	0.032582
24	336000	810	0.0319509
24	340000	826	0.032582
24	344000	807	0.0318325
24	348000	815	0.0321481
24	352000	805	0.0317536
24	356000	825	0.0325425
24	360000	823	0.0324637
24	364000	810	0.0319509
24	368000	828	0.0326609
24	372000	827	0.0326214
24	376000	809	0.0319114
24	380000	821	0.0323848
24	384000	816	0.0321875
24	388000	826	0.032582
24	392000	810	0.0319509
24	396000	833	0.0328581
24	400000	804	0.0317142
25	0	804	0.0317142
25	4000	814	0.0321086
25	8000	817	0.032227
25	12000	808	0.031872
25	16000	812	0.0320298
25	20000	827	0.0326214
25	24000	823	0.0324637
25	28000	812	0.0320298
25	32000	831	0.0327792
25	36000	821	0.0323848
25	40000	806	0.0317931
25	44000	827	0.0326214
25	48000	808	0.031872
25	52000	825	0.0325425
25	56000	821	0.0323848
25	60000	818	0.0322664
25	64000	829	0.0327003
25	68000	818	0.0322664
25	72000	813	0.0320692
25	76000	818	0.0322664
25	80000	821	0.0323848
25	84000	812	0.0320298
25	88000	829	0.0327003
25	92000	806	0.0317931
25	96000	815	0.0321481
25	100000	802	0.0316353
25	104000	818	0.0322664
25	108000	818	0.0322664
25	112000	817	0.032227
25	116000	815	0.0321481
25	120000	801	0.0315959
25	124000	819	0.0323059
25	128000	800	0.0315564
25	132000	818	0.0322664
25	136000	821	0.0323848
25	140000	806	0.0317931
25	144000	806	0.0317931
25	148000	796	0.0313986
25	152000	813	0.0320692
25	156000	814	0.0321086
25	160000	815	0.0321481
25	164000	824	0.0325031
25	168000	804	0.0317142
25	172000	817	0.032227
25	176000	809	0.0319114
25	180000	806	0.0317931
25	184000	821	0.0323848
25	188000	804	0.0317142
25	192000	817	0.032227
25	196000	810	0.0319509
25	200000	842	0.0332131
25	204000	818	0.0322664
25	208000	811	0.0319903
25	212000	803	0.0316747
25	216000	820	0.0323453
25	220000	817	0.032227
25	224000	819	0.0323059
25	228000	811	0.0319903
25	232000	816	0.0321875
25	236000	812	0.0320298
25	240000	817	0.032227
25	244000	795	0.0313592
25	248000	819	0.0323059
25	252000	805	0.0317536
25	256000	807	0.0318325
25	260000	830	0.0327398
25	264000	809	0.0319114
25	268000	808	0.031872
25	272000	814	0.0321086
25	276000	816	0.0321875
25	280000	835	0.032937
25	284000	815	0.0321481
25	288000	825	0.0325425
25	292000	835	0.032937
25	296000	822	0.0324242
25	300000	815	0.0321481
25	304000	807	0.0318325
25	308000	819	0.0323059
25	312000	810	0.0319509
25	316000	818	0.0322664
25	320000	811	0.0319903
25	324000	829	0.0327003
25	328000	822	0.0324242
25	332000	792	0.0312408
25	336000	820	0.0323453
25	340000	817	0.032227
25	344000	813	0.0320692
25	348000	825	0.0325425
25	352000	818	0.0322664
25	356000	819	0.0323059
25	360000	813	0.0320692
25	364000	821	0.0323848
25	368000	813	0.0320692
25	372000	807	0.0318325
25	376000	815	0.0321481
25	380000	813	0.0320692
25	384000	806	0.0317931
25	388000	815	0.0321481
25	392000	820	0.0323453
25	396000	819	0.0323059
25	400000	813	0.0320692
26	0	811	0.0319903
26	4000	806	0.0317931
26	8000	807	0.0318325
26	12000	815	0.0321481
26	16000	812	0.0320298
26	20000	805	0.0317536
26	24000	813	0.0320692
26	28000	818	0.0322664
26	32000	818	0.0322664
26	36000	811	0.0319903
26	40000	812	0.0320298
26	44000	817	0.032227
26	48000	824	0.0325031
26	52000	799	0.031517
26	56000	807	0.0318325
26	60000	819	0.0323059
26	64000	819	0.0323059
26	68000	822	0.0324242
26	72000	822	0.0324242
26	76000	817	0.032227
26	80000	820	0.0323453
26	84000	816	0.0321875
26	88000	824	0.0325031
26	92000	815	0.0321481
26	96000	818	0.0322664
26	100000	809	0.0319114
26	104000	818	0.0322664
26	108000	818	0.0322664
26	112000	802	0.0316353
26	116000	810	0.0319509
26	120000	826	0.032582
26	124000	809	0.0319114
26	128000	807	0.0318325
26	132000	798	0.0314775
26	136000	831	0.0327792
26	140000	810	0.0319509
26	144000	812	0.0320298
26	148000	828	0.0326609
26	152000	815	0.0321481
26	156000	802	0.0316353
26	160000	804	0.0317142
26	164000	817	0.032227
26	168000	811	0.0319903
26	172000	809	0.0319114
26	176000	820	0.0323453
26	180000	823	0.0324637
26	184000	826	0.032582
26	188000	811	0.0319903
26	192000	803	0.0316747
26	196000	825	0.0325425
26	200000	819	0.0323059
26	204000	819	0.0323059
26	208000	812	0.0320298
26	212000	815	0.0321481
26	216000	819	0.0323059
26	220000	800	0.0315564
26	224000	828	0.0326609
26	228000	818	0.0322664
26	232000	816	0.0321875
26	236000	811	0.0319903
26	240000	816	0.0321875
26	244000	807	0.0318325
26	248000	814	0.0321086
26	252000	818	0.0322664
26	256000	819	0.0323059
26	260000	833	0.0328581
26	264000	803	0.0316747
26	268000	807	0.0318325
26	272000	806	0.0317931
26	276000	824	0.0325031
26	280000	814	0.0321086
26	284000	819	0.0323059
26	288000	820	0.0323453
26	292000	803	0.0316747
26	296000	816	0.0321875
26	300000	794	0.0313197
26	304000	812	0.0320298
26	308000	819	0.0323059
26	312000	817	0.032227
26	316000	812	0.0320298
26	320000	811	0.0319903
26	324000	823	0.0324637
26	328000	820	0.0323453
26	332000	820	0.0323453
26	336000	817	0.032227
26	340000	802	0.0316353
26	344000	810	0.0319509
26	348000	813	0.0320692
26	352000	818	0.0322664
26	356000	806	0.0317931
26	360000	807	0.0318325
26	364000	826	0.032582
26	368000	826	0.032582
26	372000	819	0.0323059
26	376000	804	0.0317142
26	380000	811	0.0319903
26	384000	791	0.0312014
26	388000	809	0.0319114
26	392000	811	0.0319903
26	396000	815	0.0321481
26	400000	810	0.0319509
27	0	816	0.0321875
27	4000	812	0.0320298
27	8000	818	0.0322664
27	12000	821	0.0323848
27	16000	806	0.0317931
27	20000	820	0.0323453
27	24000	807	0.0318325
27	28000	808	0.031872
27	32000	818	0.0322664
27	36000	819	0.0323059
27	40000	810	0.0319509
27	44000	823	0.0324637
27	48000	814	0.0321086
27	52000	806	0.0317931
27	56000	823	0.0324637
27	60000	828	0.0326609
27	64000	818	0.0322664
27	68000	833	0.0328581
27	72000	823	0.0324637
27	76000	815	0.0321481
27	80000	820	0.0323453
27	84000	815	0.0321481
27	88000	810	0.0319509
27	92000	820	0.0323453
27	96000	815	0.0321481
27	100000	826	0.032582
27	104000	816	0.0321875
27	108000	824	0.0325031
27	112000	802	0.0316353
27	116000	819	0.0323059
27	120000	804	0.0317142
27	124000	812	0.0320298
27	128000	821	0.0323848
27	132000	829	0.0327003
27	136000	801	0.0315959
27	140000	832	0.0328187
27	144000	807	0.0318325
27	148000	800	0.0315564
27	152000	816	0.0321875
27	156000	817	0.032227
27	160000	823	0.0324637
27	164000	804	0.0317142
27	168000	816	0.0321875
27	172000	804	0.0317142
27	176000	817	0.032227
27	180000	825	0.0325425
27	184000	810	0.0319509
27	188000	814	0.0321086
27	192000	821	0.0323848
27	196000	824	0.0325031
27	200000	824	0.0325031
27	204000	815	0.0321481
27	208000	818	0.0322664
27	212000	822	0.0324242
27	216000	819	0.0323059
27	220000	812	0.0320298
27	224000	811	0.0319903
27	228000	799	0.031517
27	232000	802	0.0316353
27	236000	821	0.0323848
27	240000	813	0.0320692
27	244000	821	0.0323848
27	248000	820	0.0323453
27	252000	815	0.0321481
27	256000	816	0.0321875
27	260000	820	0.0323453
27	264000	811	0.0319903
27	268000	810	0.0319509
27	272000	818	0.0322664
27	276000	819	0.0323059
27	280000	810	0.0319509
27	284000	833	0.0328581
27	288000	814	0.0321086
27	292000	817	0.032227
27	296000	814	0.0321086
27	300000	794	0.0313197
27	304000	824	0.0325031
27	308000	809	0.0319114
27	312000	828	0.0326609
27	316000	818	0.0322664
27	320000	817	0.032227
27	324000	804	0.0317142
27	328000	805	0.0317536
27	332000	820	0.0323453
27	336000	818	0.0322664
27	340000	796	0.0313986
27	344000	830	0.0327398
27	348000	809	0.0319114
27	352000	819	0.0323059
27	356000	809	0.0319114
27	360000	814	0.0321086
27	364000	811	0.0319903
27	368000	812	0.0320298
27	372000	826	0.032582
27	376000	810	0.0319509
27	380000	820	0.0323453
27	384000	819	0.0323059
27	388000	814	0.0321086
27	392000	813	0.0320692
27	396000	821	0.0323848
27	400000	818	0.0322664
28	0	814	0.0321086
28	4000	815	0.0321481
28	8000	822	0.0324242
28	12000	809	0.0319114
28	16000	810	0.0319509
28	20000	824	0.0325031
28	24000	837	0.0330159
28	28000	824	0.0325031
28	32000	816	0.0321875
28	36000	823	0.0324637
28	40000	821	0.0323848
28	44000	817	0.032227
28	48000	823	0.0324637
28	52000	817	0.032227
28	56000	815	0.0321481
28	60000	819	0.0323059
28	64000	816	0.0321875
28	68000	812	0.0320298
28	72000	823	0.0324637
28	76000	805	0.0317536
28	80000	802	0.0316353
28	84000	819	0.0323059
28	88000	803	0.0316747
28	92000	804	0.0317142
28	96000	817	0.032227
28	100000	818	0.0322664
28	104000	824	0.0325031
28	108000	813	0.0320692
28	112000	820	0.0323453
28	116000	818	0.0322664
28	120000	825	0.0325425
28	124000	812	0.0320298
28	128000	806	0.0317931
28	132000	807	0.0318325
28	136000	802	0.0316353
28	140000	806	0.0317931
28	144000	802	0.0316353
28	148000	823	0.0324637
28	152000	813	0.0320692
28	156000	811	0.0319903
28	160000	828	0.0326609
28	164000	818	0.0322664
28	168000	809	0.0319114
28	172000	814	0.0321086
28	176000	821	0.0323848
28	180000	813	0.0320692
28	184000	830	0.0327398
28	188000	816	0.0321875
28	192000	819	0.0323059
28	196000	812	0.0320298
28	200000	805	0.0317536
28	204000	809	0.0319114
28	208000	811	0.0319903
28	212000	809	0.0319114
28	216000	807	0.0318325
28	220000	812	0.0320298
28	224000	811	0.0319903
28	228000	837	0.0330159
28	232000	804	0.0317142
28	236000	820	0.0323453
28	240000	818	0.0322664
28	244000	803	0.0316747
28	248000	817	0.032227
28	252000	821	0.0323848
28	256000	823	0.0324637
28	260000	818	0.0322664
28	264000	835	0.032937
28	268000	818	0.0322664
28	272000	818	0.0322664
28	276000	811	0.0319903
28	280000	815	0.0321481
28	284000	816	0.0321875
28	288000	812	0.0320298
28	292000	822	0.0324242
28	296000	823	0.0324637
28	300000	826	0.032582
28	304000	820	0.0323453
28	308000	810	0.0319509
28	312000	813	0.0320692
28	316000	817	0.032227
28	320000	816	0.0321875
28	324000	821	0.0323848
28	328000	809	0.0319114
28	332000	824	0.0325031
28	336000	792	0.0312408
28	340000	826	0.032582
28	344000	821	0.0323848
28	348000	806	0.0317931
28	352000	828	0.0326609
28	356000	837	0.0330159
28	360000	815	0.0321481
28	364000	817	0.032227
28	368000	809	0.0319114
28	372000	811	0.0319903
28	376000	805	0.0317536
28	380000	812	0.0320298
28	384000	816	0.0321875
28	388000	807	0.0318325
28	392000	795	0.0313592
28	396000	817	0.032227
28	400000	816	0.0321875
29	0	809	0.0319114
29	4000	821	0.0323848
29	8000	801	0.0315959
29	12000	818	0.0322664
29	16000	795	0.0313592
29	20000	814	0.0321086
29	24000	818	0.0322664
29	28000	825	0.0325425
29	32000	821	0.0323848
29	36000	819	0.0323059
29	40000	816	0.0321875
29	44000	815	0.0321481
29	48000	815	0.0321481
29	52000	807	0.0318325
29	56000	812	0.0320298
29	60000	808	0.031872
29	64000	815	0.0321481
29	68000	813	0.0320692
29	72000	819	0.0323059
29	76000	815	0.0321481
29	80000	826	0.032582
29	84000	811	0.0319903
29	88000	820	0.0323453
29	92000	804	0.0317142
29	96000	824	0.0325031
29	100000	809	0.0319114
29	104000	816	0.0321875
29	108000	837	0.0330159
29	112000	817	0.032227
29	116000	808	0.031872
29	120000	830	0.0327398
29	124000	813	0.0320692
29	128000	819	0.0323059
29	132000	801	0.0315959
29	136000	807	0.0318325
29	140000	817	0.032227
29	144000	806	0.0317931
29	148000	813	0.0320692
29	152000	808	0.031872
29	156000	818	0.0322664
29	160000	815	0.0321481
29	164000	807	0.0318325
29	168000	808	0.031872
29	172000	830	0.0327398
29	176000	818	0.0322664
29	180000	830	0.0327398
29	184000	820	0.0323453
29	188000	812	0.0320298
29	192000	819	0.0323059
29	196000	817	0.032227
29	200000	822	0.0324242
29	204000	818	0.0322664
29	208000	809	0.0319114
29	212000	821	0.0323848
29	216000	820	0.0323453
29	220000	817	0.032227
29	224000	813	0.0320692
29	228000	809	0.0319114
29	232000	818	0.0322664
29	236000	824	0.0325031
29	240000	829	0.0327003
29	244000	825	0.0325425
29	248000	816	0.0321875
29	252000	823	0.0324637
29	256000	801	0.0315959
29	260000	832	0.0328187
29	264000	809	0.0319114
29	268000	807	0.0318325
29	272000	828	0.0326609
29	276000	818	0.0322664
29	280000	810	0.0319509
29	284000	817	0.032227
29	288000	822	0.0324242
29	292000	818	0.0322664
29	296000	819	0.0323059
29	300000	825	0.0325425
29	304000	813	0.0320692
29	308000	819	0.0323059
29	312000	816	0.0321875
29	316000	817	0.032227
29	320000	813	0.0320692
29	324000	830	0.0327398
29	328000	820	0.0323453
29	332000	818	0.0322664
29	336000	816	0.0321875
29	340000	808	0.031872
29	344000	808	0.031872
29	348000	807	0.0318325
29	352000	811	0.0319903
29	356000	816	0.0321875
29	360000	817	0.032227
29	364000	797	0.0314381
29	368000	830	0.0327398
29	372000	807	0.0318325
29	376000	813	0.0320692
29	380000	805	0.0317536
29	384000	808	0.031872
29	388000	811	0.0319903
29	392000	804	0.0317142
29	396000	821	0.0323848
29	400000	813	0.0320692
30	0	825	0.0325425
30	4000	816	0.0321875
30	8000	821	0.0323848
30	12000	790	0.031162
30	16000	808	0.031872
30	20000	818	0.0322664
30	24000	832	0.0328187
30	28000	824	0.0325031
30	32000	804	0.0317142
30	36000	820	0.0323453
30	40000	827	0.0326214
30	44000	828	0.0326609
30	48000	823	0.0324637
30	52000	821	0.0323848
30	56000	812	0.0320298
30	60000	800	0.0315564
30	64000	821	0.0323848
30	68000	832	0.0328187
30	72000	822	0.0324242
30	76000	808	0.031872
30	80000	814	0.0321086
30	84000	812	0.0320298
30	88000	803	0.0316747
30	92000	800	0.0315564
30	96000	807	0.0318325
30	100000	821	0.0323848
30	104000	820	0.0323453
30	108000	810	0.0319509
30	112000	802	0.0316353
30	116000	826	0.032582
30	120000	827	0.0326214
30	124000	818	0.0322664
30	128000	807	0.0318325
30	132000	818	0.0322664
30	136000	813	0.0320692
30	140000	816	0.0321875
30	144000	810	0.0319509
30	148000	813	0.0320692
30	152000	802	0.0316353
30	156000	814	0.0321086
30	160000	820	0.0323453
30	164000	805	0.0317536
30	168000	814	0.0321086
30	172000	815	0.0321481
30	176000	812	0.0320298
30	180000	816	0.0321875
30	184000	820	0.0323453
30	188000	808	0.031872
30	192000	822	0.0324242
30	196000	815	0.0321481
30	200000	834	0.0328976
30	204000	813	0.0320692
30	208000	814	0.0321086
30	212000	825	0.0325425
30	216000	820	0.0323453
30	220000	808	0.031872
30	224000	826	0.032582
30	228000	827	0.0326214
30	232000	817	0.032227
30	236000	820	0.0323453
30	240000	809	0.0319114
30	244000	818	0.0322664
30	248000	809	0.0319114
30	252000	815	0.0321481
30	256000	822	0.0324242
30	260000	819	0.0323059
30	264000	820	0.0323453
30	268000	831	0.0327792
30	272000	818	0.0322664
30	276000	816	0.0321875
30	280000	811	0.0319903
30	284000	821	0.0323848
30	288000	826	0.032582
30	292000	831	0.0327792
30	296000	805	0.0317536
30	300000	823	0.0324637
30	304000	799	0.031517
30	308000	811	0.0319903
30	312000	806	0.0317931
30	316000	815	0.0321481
30	320000	832	0.0328187
30	324000	816	0.0321875
30	328000	810	0.0319509
30	332000	808	0.031872
30	336000	817	0.032227
30	340000	821	0.0323848
30	344000	807	0.0318325
30	348000	822	0.0324242
30	352000	811	0.0319903
30	356000	821	0.0323848
30	360000	818	0.0322664
30	364000	830	0.0327398
30	368000	817	0.032227
30	372000	808	0.031872
30	376000	827	0.0326214
30	380000	801	0.0315959
30	384000	826	0.032582
30	388000	824	0.0325031
30	392000	832	0.0328187
30	396000	821	0.0323848
30	400000	818	0.0322664
