600    224.12964   -12.001305      2919482   -522342.13     35006.47    -557348.6   -883.83428    -812.8847    550.24598 
1600    224.47022     10.16153      2919482   -522276.84    35059.664   -557336.51   -454.39524     -546.854    1434.2557 
2600    224.20685    1.2068556      2919482   -522214.73    35018.527   -557233.26   -554.90039   -666.18409    1095.2999 
3600    224.80305    8.5963457      2919482   -522167.31    35111.648   -557278.96   -326.27892   -94.147103    646.46518 
4600    224.79044   -10.381692      2919482   -522172.07    35109.678   -557281.75   -852.88025    -955.0704    863.49837 
5600    224.44311  -0.22703516      2919482   -522251.41     35055.43   -557306.84   -616.18079   -572.45536    867.43261 
6600    224.64796    6.7032178      2919482   -522295.79    35087.424   -557383.21   -522.82738    12.406663    372.06936 
7600    224.77939    1.0992858      2919482    -522213.2    35107.952   -557321.15   -603.75777   -107.07792    228.87873 
8600    224.57378   -11.314191      2919482   -522192.71    35075.839   -557268.55   -898.26568   -576.11159     226.0833 
9600    225.06975    2.5734875      2919482   -522231.37    35153.304   -557384.68    -543.8302   -422.16156    799.63678 
10600    224.14607   -3.4080074      2919482   -522334.66    35009.035    -557343.7   -775.94294   -529.83412    616.24211 
11600    224.34624    24.258987      2919482   -522353.94    35040.299   -557394.24   -94.478394    57.098793    1327.7541 
12600    224.53601    3.8356621      2919482   -522232.08    35069.939   -557302.02   -508.82593    -58.80108    314.28542 
13600    224.61436   -2.9237912      2919482   -522240.61    35082.176   -557322.79   -704.98019   -676.50308    870.13734 
14600    225.04125   0.28040475      2919482   -522131.99    35148.852   -557280.84   -661.05317   -534.32362    838.38057 
15600    224.60594    9.5736505      2919482   -522167.47    35080.861   -557248.33   -409.89845   -157.29632    800.64479 
16600    224.82493    11.416202      2919482   -522278.17    35115.066   -557393.23   -439.63263   -206.31868    983.58143 
17600    224.32968    2.5374569      2919482   -522321.96    35037.712   -557359.67   -501.28824   -178.65788    422.92159 
18600    224.34749   -10.525636      2919482   -522278.08    35040.495   -557318.57   -886.57672   -554.49873     238.8484 
19600    224.78318    11.680606      2919482   -522192.01    35108.544   -557300.55   -364.26094   -153.72885    918.10472 
20600    224.54112    15.409968      2919482   -522205.83    35070.738   -557276.57   -328.08088   -242.22867    1271.8765 
21600    224.63847    6.1635488      2919482   -522278.58    35085.942   -557364.52   -579.95682   -579.19753    1250.7178 
22600    224.26873  -0.34104996      2919482   -522294.13    35028.193   -557322.32   -641.78839   -365.42704    542.28144 
23600     224.2073   -5.8567342      2919482   -522327.53    35018.599   -557346.13   -756.72247   -333.09874    170.68732 
24600    224.59341   -10.203112      2919482   -522326.09    35078.904   -557404.99    -834.9492   -740.99008    544.57215 
25600    224.94437    7.5593917      2919482    -522200.3    35133.721   -557334.02   -516.80474   -455.01241    1141.1203 
26600    224.70207    15.535652      2919482   -522267.82    35095.875    -557363.7   -242.27869    83.888835    777.50256 
27600    224.45979   -5.7923062      2919482   -522311.04    35058.034   -557369.08   -709.01376   -661.72151    680.00912 
28600    224.51578   -7.1410338      2919482   -522208.42    35066.779    -557275.2   -744.28695   -657.41837     594.6861 
29600    224.37102     12.91751      2919482   -522239.79    35044.169   -557283.96   -409.63464   -14.526084    776.12905 
30600    224.50993   0.99800156      2919482   -522312.42    35065.866   -557378.28   -597.55844   -1042.7439    1662.4225 
31600     224.5984   -8.7786865      2919482   -522157.78    35079.684   -557237.47   -797.49976   -524.00763    293.88065 
32600    224.82967    3.9744672      2919482   -522125.69    35115.806   -557241.49    -504.8518   -332.07066    742.79055 
33600    224.35013    4.2443717      2919482   -522068.89    35040.906    -557109.8   -572.22215   -311.96464    727.60875 
34600    224.46635   -5.4373616      2919482   -522151.36    35059.059   -557210.42   -733.43768   -357.12714    232.12512 
35600    224.55485     9.104766      2919482    -522141.6    35072.881   -557214.48   -410.24575   -178.69494    806.20397 
36600    224.85192   -3.2550554      2919482    -522126.3    35119.281   -557245.58   -671.48065   -553.76926    661.98987 
37600    224.44088   -5.5430275      2919482   -522075.57    35055.081   -557130.65   -797.95951   -665.37741    700.17973 
38600    224.60641  -0.16427726      2919482   -522169.62    35080.935   -557250.55   -503.21794   -35.582671    45.155198 
39600    224.33332    11.635074      2919482   -522223.92    35038.282    -557262.2    -315.1083    -110.2292    848.52668 
40600    224.24282    7.6367289      2919482   -522263.04    35024.147   -557287.19   -438.76769   -260.12818    845.81799 
41600    224.26301    16.704098      2919482   -522317.85      35027.3   -557345.15   -238.10575   -70.304573    1082.9008 
42600    224.64942    11.856156      2919482   -522195.01    35087.652   -557282.67     -304.153   -229.85256    1045.4594 
43600    224.53246    19.112826      2919482   -522203.93    35069.385   -557273.31   -143.71397  -0.18903045    1115.5908 
44600    224.65148   -3.4671687      2919482   -522261.83    35087.974   -557349.81   -626.78951   -322.69433    294.12036 
45600    224.32646  -0.19936583      2919482   -522268.03     35037.21   -557305.24   -619.09065   -435.77944    658.78126 
46600    224.60813    11.011949      2919482   -522276.07    35081.203   -557357.28   -436.85941   -270.04203    1058.0256 
47600    224.74365     2.150864      2919482   -522232.84    35102.371   -557335.21   -492.43188   -78.916518    246.91772 
48600    225.12095    15.850367      2919482   -522163.68    35161.301   -557324.98   -354.80567   -54.630172    1008.9687 
49600    224.64082    3.8142706      2919482   -522283.46    35086.309   -557369.77    -475.5092   -95.443762    369.40925 
50600    224.54137   -1.4594163      2919482   -522259.74    35070.776   -557330.52   -539.47432   -647.64278    911.18924 
51600    224.17879   -3.0813582      2919482   -522256.06    35014.146   -557270.21   -676.49214   -546.55166    661.02196 
52600    224.45471   -4.6667601      2919482   -522224.54    35057.242   -557281.79   -753.44769   -669.15458     757.1239 
53600    224.81457    10.381681      2919482    -522188.9    35113.448   -557302.35   -336.92378   -37.046959    662.80132 
54600    224.72987    6.7948425      2919482   -522223.51    35100.218   -557323.72   -518.57056   -409.36422    1026.2798 
55600    224.70419   -9.5967402      2919482   -522235.03    35096.207   -557331.24   -887.39125   -811.61016    688.59992 
56600     224.2498    -21.07573      2919482   -522304.52    35025.236   -557329.76   -1048.4932   -803.18497    5.7993374 
57600    224.18476   -5.9083331      2919482   -522392.57    35015.078   -557407.64   -807.58666   -738.81253    791.83746 
58600    224.47853    6.6373118      2919482   -522212.39    35060.962   -557273.35   -519.21793   -573.56191    1269.6935 
59600     224.3369   -10.840943      2919482    -522308.9    35038.841   -557347.74   -901.23357   -718.82726    473.25663 
60600    224.32542    13.876012      2919482   -522413.21    35037.047   -557450.26   -306.80351    73.362235    696.85117 
61600    224.25387    11.246062      2919482   -522365.83    35025.873   -557391.71    -379.4515   -141.59351     874.0782 
62600    224.47044    5.0077004      2919482   -522272.01    35059.698   -557331.71   -532.96622   -352.23515     834.1049 
63600    224.77682    1.0507698      2919482   -522248.42    35107.551   -557355.97   -582.07022   -381.80041    648.68821 
64600     224.5209   -9.9528631      2919482   -522292.23    35067.579    -557359.8   -824.05694   -271.40767   -163.24329 
65600    224.42314   -7.8161751      2919482    -522306.4    35052.311   -557358.71   -768.55959   -148.96596   -226.92775 
66600    224.38129   -10.456177      2919482   -522352.75    35045.774   -557398.52   -841.87284   -484.08677    134.57788 
67600    224.85305   -5.0075469      2919482   -522288.17    35119.457   -557407.63   -634.33953   -341.13833    232.60868 
68600    224.54275    3.3843682      2919482   -522247.94    35070.991   -557318.93   -563.46172    -205.4217      513.516 
69600    224.63952    17.951729      2919482   -522286.64    35086.106   -557372.74   -251.22587   -39.822173    1108.8094 
70600    224.74623    5.7247687      2919482   -522278.25    35102.773   -557381.02    -387.7915   -94.919856    480.08749 
71600    224.46603   -12.461037      2919482   -522238.28    35059.009   -557297.29   -954.79841   -669.86926    303.40018 
72600    224.38277   -1.7096563      2919482   -522299.39    35046.005    -557345.4   -665.68023   -438.80666    575.30769 
73600    224.29531   0.98397444      2919482   -522329.14    35032.345   -557361.48   -544.91548    -240.5185    427.43854 
74600    225.19853   0.96832839      2919482    -522256.6    35173.417   -557430.02   -605.43929   -109.49796    224.95998 
75600    224.22721     2.691814      2919482   -522278.15    35021.708   -557299.85   -473.67382   -177.46294    430.09054 
76600    224.20136    12.421878      2919482   -522356.29    35017.671   -557373.96   -389.39421   -298.10331    1183.4701 
77600    224.11108   -6.2934401      2919482   -522427.54    35003.569   -557431.11   -765.82334   -431.93849    297.26177 
78600    224.22813   -4.5239107      2919482   -522296.88    35021.852   -557318.73   -649.54558   -513.48087    525.96698 
79600    224.68499    9.0692971      2919482   -522306.41    35093.209   -557399.62   -438.40831    -107.5304    694.65277 
80600    224.52758    -1.266634      2919482   -522270.77    35068.623    -557339.4   -645.70096   -374.04804    501.53317 
81600    224.48365    4.9908258      2919482   -522346.19    35061.761   -557407.95   -546.68848   -260.79451    692.44544 
82600    224.18824   0.47536595      2919482    -522347.2    35015.622   -557362.82   -592.99785   -436.53623    699.31846 
83600     224.4842    12.878691      2919482   -522442.43    35061.847   -557504.28   -349.85302   -290.02553    1197.6997 
84600    224.66907    12.253238      2919482   -522321.79    35090.722   -557412.51   -364.47305   -247.97423    1096.5094 
85600    224.49525   -5.2952101      2919482   -522360.92    35063.573   -557424.49   -704.29508   -319.54505    182.60284 
86600    224.83849    -10.39314      2919482   -522305.09    35117.183   -557422.27   -870.04991    -806.8693    634.83373 
87600    224.42214    2.4942193      2919482   -522389.22    35052.154   -557441.37   -552.78485   -351.08954    685.67207 
88600    224.31942     14.81289      2919482   -522336.87     35036.11   -557372.98   -327.75996    60.966306    770.59152 
89600    224.45451   -8.1432236      2919482   -522305.51     35057.21   -557362.72   -837.67722   -779.04668    723.32114 
90600    224.58968   -8.4375968      2919482   -522287.91    35078.322   -557366.24   -789.43228   -453.22786    204.89489 
91600    224.33349   -13.883408      2919482   -522357.34    35038.308   -557395.65    -855.2386   -574.31835    73.401715 
92600    224.39532 0.0075887973      2919482   -522340.93    35047.966    -557388.9   -522.95217   -488.38941    751.79438 
93600     224.2793   -4.7682567      2919482    -522333.2    35029.844   -557363.05    -742.1239    -469.7553    444.43995 
94600    224.80861    5.0796039      2919482      -522346    35112.516   -557458.52   -520.02517   -174.38194    564.68649 
95600    224.52381   -6.2812979      2919482   -522443.38    35068.033   -557511.41   -725.98934   -468.85346     354.7613 
96600    224.27392    4.4444432      2919482   -522408.15    35029.004   -557437.15    -483.9459   -10.924657    276.15553 
97600    224.46475  -0.64737327      2919482   -522295.29    35058.809    -557354.1   -643.95655   -80.174593    85.566289 
98600    224.61593 0.0039822305      2919482   -522293.16    35082.421   -557375.59   -570.92623   -531.24968    817.52133 
99600    224.29203   -19.109019      2919482   -522251.14    35031.832   -557282.97   -977.21825   -829.71634    161.38035 
100600    224.51802    21.139442      2919482   -522342.17    35067.129    -557409.3   -254.84454   -108.48384    1400.4546 
101600    224.23374   -19.689437      2919482   -522302.92    35022.728   -557325.64   -1026.5599   -544.52508   -311.23507 
102600    224.91794    2.6096141      2919482   -522206.11    35129.592    -557335.7   -477.23084   -281.10964    584.74679 
103600    224.50081   -2.5235524      2919482   -522283.24    35064.441   -557347.68   -641.93822   -549.69409    698.40626 
104600    224.25466    17.722079      2919482   -522269.09    35025.996   -557295.08   -298.49259    -256.8565    1429.3001 
105600    224.44033   0.32251999      2919482   -522286.37    35054.995   -557341.36   -605.26326   -21.803784    52.363699 
106600    224.58537   -2.8481157      2919482    -522183.8    35077.649   -557261.45   -719.23544   -441.90878    513.64701 
107600    224.23238    -6.058741      2919482   -522260.14    35022.515   -557282.66   -845.19608    -539.7952    476.88697 
108600    224.15071    1.9613562      2919482   -522349.82     35009.76   -557359.58    -700.7634   -535.00989    937.52573 
109600    224.61538   -29.547322      2919482   -522259.31    35082.336   -557341.64   -1210.3132   -710.62984   -630.93691 
110600    224.87126   -10.571731      2919482   -522234.47    35122.301   -557356.77   -807.67294   -447.90006    72.164294 
111600    224.71997   -3.5664786      2919482   -522239.45    35098.672   -557338.12   -672.05577   -474.56032    521.96005 
112600    224.53414   -4.8120717      2919482   -522380.04    35069.647   -557449.69   -628.04413   -613.96859    663.74482 
113600    224.89591   -9.5130256      2919482   -522259.21    35126.152   -557385.36   -813.22538   -720.82242    553.81463 
114600      224.672    3.2591176      2919482    -522235.2    35091.179   -557326.38   -636.02105   -732.40694    1316.9356 
115600    224.65137   -4.6228932      2919482   -522291.46    35087.958   -557379.42   -650.05232   -604.19882    659.75397 
116600    224.34062   -18.580524      2919482   -522204.18    35039.421    -557243.6   -988.81897   -579.89453   -192.11278 
117600    224.03469   -9.6086511      2919482   -522263.83    34991.639   -557255.47   -878.84824   -441.98601    119.26503 
118600    224.90353   -2.7561437      2919482   -522133.17    35127.341   -557260.51   -600.31317   -73.287129   -48.083673 
119600    224.30932    6.2717179      2919482   -522338.33    35034.532   -557372.86   -475.46535   -444.95334    1050.5049 
120600    224.86345   -6.1294633      2919482   -522255.94    35121.081   -557377.02   -741.02608   -608.71928    578.79475 
121600    224.58806    -6.026939      2919482   -522278.17    35078.069   -557356.24   -686.96191   -707.48835    736.72643 
122600    224.49987  -0.65871132      2919482   -522211.76    35064.294   -557276.05   -665.37669   -739.87526    1099.8061 
123600    224.56342    -13.80581      2919482   -522231.66    35074.221   -557305.88    -920.7605   -1092.6539     875.3514 
124600    224.01535   -3.0997826      2919482   -522317.22    34988.618   -557305.84    -701.1454   -517.89281    615.85726 
125600    224.86939   -8.3040747      2919482   -522360.06    35122.009   -557482.06   -739.75147   -675.88281    555.22481 
126600    224.55855   -8.1021512      2919482   -522405.97     35073.46   -557479.43   -713.87241    -510.4051    312.43234 
127600    224.72151  -0.25840365      2919482   -522322.43    35098.912   -557421.34   -604.93216   -417.34834    626.98128 
128600    224.38842  -0.29506729      2919482   -522321.99    35046.887   -557368.87   -539.25058   -268.92567    396.50436 
129600    224.49848   -19.234743      2919482   -522263.16    35064.078   -557327.23   -1047.6993   -890.14151    247.00365 
130600    225.03891   -1.2814462      2919482   -522328.74    35148.487   -557477.23   -633.89783   -702.66262    1006.2184 
131600    224.65172    -11.07509      2919482   -522236.95    35088.012   -557324.96    -945.3799   -710.48734    446.76295 
132600    224.60384   -5.5254982      2919482   -522293.71    35080.534   -557374.24   -724.05253   -410.59563    309.23942 
133600    224.51045    5.9278804      2919482   -522340.23    35065.947   -557406.18   -496.59439   -289.18864    790.80814 
134600    224.80109    1.5354019      2919482   -522313.59    35111.342   -557424.93   -554.16782   -417.57717    732.00812 
135600     224.5307   -16.001728      2919482   -522211.57     35069.11   -557280.68   -962.52728   -666.46197    91.546635 
136600    224.35061   -6.8544353      2919482   -522225.83    35040.982   -557266.82   -816.63532   -770.42055    785.25575 
137600    224.15733   -15.942047      2919482   -522270.95    35010.794   -557281.75   -989.24057   -684.98546    123.52629 
138600    224.40212   -7.4916911      2919482   -522280.56    35049.027   -557329.58    -735.2184     -573.269    444.76635 
139600    224.90168  -0.13752671      2919482   -522229.73    35127.052   -557356.78   -660.40696    -497.3638    757.13283 
140600    225.05422    5.7752823      2919482    -522224.9    35150.877   -557375.77   -480.52013    -391.3277    939.03701 
141600    224.27383     1.156433      2919482   -522366.89    35028.989   -557395.88    -594.0869   -211.51665    392.88486 
142600     224.3342     -10.1863      2919482   -522364.62    35038.419   -557403.04   -934.46091   -775.76921    599.05838 
143600    224.89416    1.5352758      2919482   -522300.44    35125.878   -557426.32   -509.18139   -299.10032    549.73275 
144600    224.33502    -17.47485      2919482   -522263.26    35038.547   -557301.81    -947.5627   -536.23443   -194.76075 
145600    224.72223   -27.175664      2919482   -522290.28    35099.025   -557389.31   -1146.2617   -914.69191   -178.60777 
146600    224.01475       4.2808      2919482   -522358.59    34988.525   -557347.11   -564.41859   -254.51394    641.35076 
147600     224.2853   -11.293209      2919482   -522317.21    35030.782      -557348   -884.75509    -828.3481    615.35514 
148600    224.71773    10.538473      2919482   -522210.31    35098.321   -557308.63   -433.95907   -42.220061    679.90911 
149600    224.25021   -2.9228254      2919482   -522421.37    35025.301   -557446.67   -623.98822   -492.87199    587.69063 
150600    224.57542    10.827789      2919482   -522277.35    35076.094   -557353.44   -406.81844   -9.8383016    646.97472 
151600    224.65957    -9.936038      2919482   -522285.14    35089.237   -557374.38   -728.87807   -540.95246    252.41354 
152600    224.46809    -10.80966      2919482   -522327.42    35059.331   -557386.75   -770.87283   -519.15218    167.89649 
153600     224.5673    17.467774      2919482   -522273.85    35074.827   -557348.67   -302.70631   -114.82482    1195.9551 
154600    224.34255   -1.0879441      2919482   -522357.49    35039.723   -557397.21   -679.93311    -437.4824    609.54949 
155600    225.06461   -1.8462285      2919482   -522265.71    35152.501   -557418.21   -757.90865   -565.20802    761.79753 
156600    224.82414   -0.3325376      2919482   -522241.31    35114.941   -557356.25   -590.72581   -615.05701    926.81569 
157600    224.40026    10.133123      2919482   -522431.46    35048.736   -557480.19   -455.87058   -456.76814    1294.0076 
158600    224.39987   -9.6805211      2919482   -522415.47    35048.676   -557464.14   -813.84373   -767.44056     615.7593 
159600    224.78288   -12.752715      2919482   -522316.94    35108.498   -557425.44   -842.48854   -649.01758    254.30097 
160600    224.49057   -12.907531      2919482   -522321.46    35062.842   -557384.31   -810.29737    -772.0962    434.61437 
161600    225.06345   -19.032303      2919482   -522146.47     35152.32   -557298.79   -883.75965   -719.02734   -4.4299827 
162600    224.64882    12.114972      2919482   -522276.92    35087.559   -557364.48   -318.97031   -330.23116    1214.9874 
163600    224.76253    14.314463      2919482   -522344.17    35105.319   -557449.49   -261.00165    -94.44228    980.59138 
164600    224.39926   -21.001717      2919482   -522334.46    35048.581   -557383.04   -1052.3013     -830.356    51.918934 
165600    224.36755    6.7520352      2919482   -522479.39    35043.627   -557523.01   -351.39445   -227.53585    744.05211 
166600    224.52925   -2.7722582      2919482   -522475.57    35068.883   -557544.46   -585.15996   -520.96675     639.6985 
167600    224.55401    1.0560829      2919482   -522406.03    35072.751   -557478.78   -498.94774   -168.14654    320.30732 
168600    224.64807   -4.9067855      2919482    -522378.7    35087.442   -557466.15   -706.28913   -207.17856    32.401105 
169600    224.61758   0.84358762      2919482   -522275.83     35082.68   -557358.51   -621.56561   -367.74755     614.9791 
170600    224.79482    5.7881331      2919482   -522301.14    35110.362    -557411.5   -412.47159   -70.660691    446.46405 
171600    224.34701     4.482381      2919482   -522411.78     35040.42    -557452.2   -414.99968   -89.927744    399.90983 
172600    224.25636 -0.060914613      2919482   -522436.72    35026.262   -557462.99   -596.04183   -640.24512    981.41592 
173600    224.59543   -3.8069772      2919482   -522334.77    35079.219   -557413.99   -682.47409    -671.5459    810.97408 
174600    224.75941   -11.899763      2919482   -522292.82    35104.831   -557397.66   -849.83918   -850.87689    614.61953 
175600    223.98583   -11.471785      2919482   -522395.24    34984.007   -557379.24   -901.96949   -738.50234    466.71348 
176600    224.29513    -3.542722      2919482   -522344.71    35032.317   -557377.03    -568.2856    -346.4213    326.21378 
177600    224.78163    -7.320853      2919482   -522204.53    35108.302   -557312.83   -699.68747   -294.56058    25.962737 
178600    224.63182   -1.1196895      2919482   -522269.58    35084.904   -557354.49   -568.48247    -387.0278    530.07631 
179600    224.59739    4.6367377      2919482   -522261.06    35079.527   -557340.59   -503.64686   -502.40812    1043.4881 
180600    224.55685   -4.1825607      2919482   -522293.25    35073.194   -557366.45   -707.18819   -419.25566    400.92732 
181600    224.50097    17.858842      2919482   -522357.95    35064.467   -557422.42   -244.83191    266.46209    632.19313 
182600    224.41088    13.934649      2919482   -522395.42    35050.396   -557445.82   -311.74287    58.084427    723.77664 
183600       224.54    27.201601      2919482    -522443.5    35070.563   -557514.06    50.896583   -126.57402    1782.0331 
184600    224.67768    6.1268383      2919482    -522273.5    35092.066   -557365.56   -413.49652    -76.98424    475.95701 
185600    224.96853   -13.347208      2919482   -522236.99    35137.493   -557374.48   -792.66185   -654.24628    227.65419 
186600    224.77422    9.4865788      2919482    -522420.8    35107.145   -557527.95   -432.87374   -321.00145    1047.4123 
187600    224.48515    1.0224497      2919482   -522459.01    35061.995      -557521   -568.97467   -341.67161    585.30041 
188600    224.07353    13.044032      2919482   -522554.86    34997.706   -557552.57   -333.21686   -115.93784     939.5266 
189600    224.20993   -4.4933211      2919482   -522360.95    35019.009   -557379.96   -676.94037   -427.65033    395.70796 
190600    224.46886   -5.7097016      2919482   -522321.89    35059.452   -557381.34   -726.86732   -379.36497    250.44441 
191600    224.36143     8.952377      2919482   -522349.69    35042.673   -557392.37   -431.99211   -268.46827    935.42126 
192600    224.43238   -13.877204      2919482   -522393.31    35053.753   -557447.07   -782.53049   -525.48334    -1.365331 
193600     224.5825   -4.2612588      2919482   -522369.98    35077.201   -557447.18   -643.91444   -435.60029    421.48003 
194600    224.38318   -7.1916646      2919482   -522439.04    35046.068   -557485.11   -735.13606    -683.6415      632.074 
195600    224.36033    -3.132923      2919482   -522390.49      35042.5   -557432.99   -691.74594   -677.82654     859.9698 
196600    224.63867   -10.523754      2919482   -522472.73    35085.973    -557558.7   -879.63137   -833.07524    667.52792 
197600    224.76187   -5.1628919      2919482   -522463.22    35105.216   -557568.44   -722.04562   -730.88773    823.14483 
198600    224.76199   -13.818864      2919482   -522394.43    35105.234   -557499.66   -870.33744    -709.2924    284.81585 
199600    224.58191    1.1992529      2919482   -522401.98    35077.109   -557479.09   -607.29734   -418.14762    713.27026 
