1000    224.54223   -13.684618    2920046.7   -522260.56    35070.911   -557331.47    80.411302   0.53680497 
2000    224.44783    42.381913    2918210.2   -522298.19    35056.166   -557354.35    80.922179   0.53714279 
3000    224.58311    11.548901    2919637.3   -522279.02    35077.296   -557356.32    81.482224   0.53688024 
4000    224.65416   -13.555764    2920127.9   -522286.84    35088.392   -557375.23    82.088415   0.53679004 
5000    224.64801    15.350147    2918732.4   -522218.98    35087.432   -557306.42    82.205491    0.5370467 
6000    224.61937   -17.441029    2920145.6   -522271.45     35082.96   -557354.41    82.477495   0.53678679 
7000    224.45976   -47.570311    2921123.1   -522211.88     35058.03   -557269.91    82.891294   0.53660716 
8000    224.53381    30.638191    2918173.3   -522249.51    35069.596   -557319.11    83.328866   0.53714958 
9000    224.47217    50.150552    2918087.6   -522255.52    35059.969   -557315.48    84.123593   0.53716537 
10000    224.45879   -22.445862      2920607   -522253.07    35057.878   -557310.95    84.328212   0.53670198 
11000     224.4005   -20.322827    2920086.7   -522223.78    35048.775   -557272.56    85.190016   0.53679762 
12000    224.29453    25.263498      2918577   -522298.52    35032.223   -557330.74    85.844297   0.53707529 
13000    224.55754    8.6459561    2919500.9   -522256.92    35073.301   -557330.22    86.252572   0.53690532 
14000    224.35036    1.6172979    2920050.6   -522320.01    35040.942   -557360.95     86.81267   0.53680425 
15000    224.07344    7.1930745    2919523.7   -522355.55    34997.692   -557353.24    87.315025   0.53690114 
16000    224.47605    14.182079    2918723.8   -522297.57    35060.574   -557358.15    87.446817   0.53704828 
17000    224.32837   -3.5864935    2919324.5   -522268.22    35037.508   -557305.73    87.928229   0.53693778 
18000    224.36895   -22.390307    2919884.2   -522225.05    35043.846   -557268.89    88.060725   0.53683484 
19000    224.66231   -9.0633312    2919528.2   -522202.01    35089.665   -557291.67    88.453614    0.5369003 
20000     224.4352   -5.9484735    2919828.4   -522133.11    35054.193    -557187.3    89.079288    0.5368451 
21000    224.79392   -13.061478    2920062.2   -522104.82    35110.222   -557215.04    89.469313   0.53680213 
22000    224.87826    15.410754    2918737.1   -522143.69    35123.395   -557267.09    90.337353   0.53704583 
23000    224.87901   -16.522362    2920294.2   -522132.98    35123.512   -557256.49    90.895888   0.53675947 
24000    224.62265    1.0717214      2920104   -522159.07    35083.472   -557242.55    91.673459   0.53679444 
25000     224.6458    52.033308    2917571.5   -522229.61    35087.087    -557316.7    92.322193   0.53726039 
26000    224.57921   -25.831268    2920260.5   -522238.42    35076.687   -557315.11    92.775689   0.53676566 
27000    224.27086   -56.805426    2921542.7    -522272.5    35028.526   -557301.03    93.646644   0.53653009 
28000    224.72553    43.858319    2918290.7   -522201.19     35099.54   -557300.73    94.323003   0.53712798 
29000    224.52757    32.552663    2918454.4   -522192.92    35068.621   -557261.54    94.875572   0.53709785 
30000    225.05052   -14.573551    2920240.3   -522139.53      35150.3   -557289.83    95.247376   0.53676938 
31000    224.55125   -6.7918715    2919481.6   -522217.88     35072.32    -557290.2    95.862506   0.53690887 
32000    224.43371   -40.748906    2920339.1   -522214.12    35053.961   -557268.08    96.232263   0.53675121 
33000    224.39936    2.0778091    2919211.4   -522226.09    35048.596   -557274.68    96.654468   0.53695857 
34000    224.36319    44.335525    2917774.4   -522228.81    35042.947   -557271.76    97.046839   0.53722301 
35000     224.3823   -44.571226    2920814.2   -522233.23    35045.931   -557279.16    97.643226   0.53666391 
36000    224.47878   -32.945309    2920169.8   -522204.02        35061   -557265.02    98.272698   0.53678233 
37000    224.77887    60.608949    2917731.8   -522218.62    35107.871   -557326.49    98.870778   0.53723086 
38000     224.6089    6.8390222      2919502   -522272.32    35081.323   -557353.64    99.607789   0.53690513 
39000    224.26327   -20.358527    2919841.1   -522304.59    35027.341   -557331.93    100.25915   0.53684277 
40000    224.66657    25.419103    2918940.9   -522309.63    35090.331   -557399.96    100.76352   0.53700834 
41000    224.61009   -13.221078    2919782.2    -522240.5     35081.51   -557322.01    100.94709   0.53685359 
42000    224.69092   -28.008994    2920108.8   -522287.31    35094.134   -557381.45    101.56073   0.53679355 
43000    224.51741   -2.4048397      2919650   -522295.81    35067.033   -557362.85    101.98723   0.53687791 
44000    224.76036    0.3397396    2919249.3   -522257.52     35104.98    -557362.5    102.56453    0.5369516 
45000    224.74176     34.31311    2918401.6   -522240.23    35102.074   -557342.31    103.04016   0.53710757 
46000    224.41439   0.69572966    2919751.1    -522265.2    35050.943   -557316.15    103.73692   0.53685931 
47000    224.42725   -27.937394    2920668.9   -522303.04    35052.952   -557355.99    104.61075   0.53669062 
48000    224.55692    33.514017    2918744.6    -522288.6    35073.204    -557361.8    105.43081   0.53704445 
49000    224.47538    22.630029    2918434.6    -522252.3    35060.469   -557312.77     105.3823   0.53710149 
50000    224.34699   -17.479734    2920444.4   -522206.83    35040.417   -557247.25    106.17745   0.53673187 
51000     224.2351    15.474383    2919003.6   -522240.32    35022.941   -557263.26    106.36662   0.53699679 
52000    224.80737    29.375433    2918772.7   -522239.13    35112.322   -557351.45     107.3905   0.53703927 
53000    224.80993   -9.9866146    2920055.1   -522229.68    35112.722   -557342.41    108.01842   0.53680342 
54000    224.64626      -54.893    2921981.3   -522235.82    35087.158   -557322.98    108.40501   0.53644955 
55000    224.38962    101.30117    2916727.5    -522256.1    35047.075   -557303.17    108.64167   0.53741584 
56000    224.61395    16.171308    2918963.6   -522227.05    35082.112   -557309.16    109.45374   0.53700415 
57000    224.43595   -34.067996    2920952.3   -522236.97    35054.311   -557291.28    109.59585   0.53663854 
58000    224.15529    3.6331716    2919070.1   -522249.93    35010.475   -557260.41    110.48831   0.53698457 
59000    224.72479   -13.049563      2919312   -522217.85    35099.424   -557317.27    111.30515   0.53694006 
60000    224.76414   -15.170975    2920601.3   -522180.75     35105.57   -557286.32    112.10092   0.53670303 
61000    224.41241    50.440584    2918420.5   -522231.04    35050.634   -557281.68    112.57894   0.53710409 
62000    224.59297    35.737862    2918088.5   -522262.68    35078.835   -557341.51    113.42308    0.5371652 
63000    224.69116   -51.541658    2921723.5   -522230.08    35094.171   -557324.26     113.8471   0.53649689 
64000    224.59969   -7.7075614      2919795   -522191.95    35079.885   -557271.84    114.98883   0.53685125 
65000    224.72791    32.856788    2918866.9   -522244.73    35099.912   -557344.64    115.23972   0.53702195 
66000    224.60242    6.6957437      2919816   -522244.41    35080.311   -557324.72    115.55796   0.53684738 
67000    224.65857     15.96895    2919379.5   -522220.16    35089.082   -557309.24    116.41914   0.53692765 
68000    224.32119    11.120232      2919306      -522297    35036.387   -557333.39    116.80188   0.53694116 
69000    224.21633   0.45450575    2919349.4   -522300.43    35020.009   -557320.44     117.1997   0.53693319 
70000    224.48517   -23.022783    2920224.4    -522287.9    35061.999    -557349.9    117.73929    0.5367723 
71000    224.00021   -21.659881    2919888.1   -522345.38    34986.253   -557331.63    118.00252   0.53683412 
72000    224.46621    18.757131    2918595.3   -522394.57    35059.038   -557453.61    118.58761   0.53707192 
73000    224.79865    8.7090136    2919151.9   -522353.69    35110.961   -557464.65    118.92551   0.53696951 
74000    224.14285   -57.951731    2920799.4   -522376.76    35008.532   -557385.29    120.01302   0.53666663 
75000    224.37522   -26.704787    2920063.7   -522346.52    35044.826   -557391.34    120.48917   0.53680184 
76000    224.62336    25.687685    2918515.3   -522281.21    35083.583   -557364.79    120.76232   0.53708664 
77000    224.54936    13.702366    2918693.4   -522198.73    35072.024   -557270.75    121.05899   0.53705388 
78000    224.45347   -19.713358    2920374.4   -522215.78    35057.047   -557272.83    121.66516   0.53674474 
79000     224.5097   -1.4553936    2919623.8   -522275.66     35065.83   -557341.49    121.49802   0.53688273 
80000    224.24312    38.834958    2918364.7   -522229.26    35024.193   -557253.45    122.51495   0.53711435 
81000    224.52771    25.429393    2918885.8   -522237.95    35068.643    -557306.6    123.36976   0.53701847 
82000    224.55578   -13.261656    2919708.1   -522253.25    35073.027   -557326.28    124.09241   0.53686722 
83000    224.45874   -25.112233    2920296.9   -522218.63    35057.871    -557276.5    124.02945   0.53675898 
84000    224.61437    28.380696    2918865.1   -522258.58    35082.179   -557340.76    124.72698   0.53702228 
85000    224.97132    81.117772    2917319.6   -522279.57     35137.93    -557417.5    125.22161   0.53730677 
86000    224.80622   -16.260752    2919976.5    -522221.5    35112.142   -557333.64    125.44435   0.53681788 
87000    224.71004   -21.189752    2920364.5   -522212.03    35097.121   -557309.15    126.42997   0.53674655 
88000    224.74582    10.787357    2919156.3   -522214.62    35102.709   -557317.33    127.40523    0.5369687 
89000    225.09268    3.0034353    2919353.7   -522197.92    35156.885    -557354.8     127.7732    0.5369324 
90000    224.96409   -7.2580348    2919420.6   -522167.39    35136.801   -557304.19    127.68983   0.53692009 
91000    224.74917     55.80368    2917855.2   -522132.08    35103.233   -557235.31    128.61913   0.53720814 
92000    224.50811   -67.102823    2922090.1   -522176.63    35065.581   -557242.21    129.04513   0.53642958 
93000    224.52906   -24.162158    2920660.8   -522193.09    35068.854   -557261.94    130.26816    0.5366921 
94000    224.80072    39.080627    2918521.5   -522169.77    35111.283   -557281.05    130.86628   0.53708551 
95000    224.26077    14.415349    2919163.8   -522169.11     35026.95   -557196.06    131.38984   0.53696732 
96000    224.49041   -6.2272071    2919785.4   -522153.17    35062.816   -557215.99    131.96426   0.53685302 
97000     224.5451    32.166774    2918885.1   -522127.17    35071.358   -557198.53    132.21171    0.5370186 
98000    224.58447    46.282082      2917435   -522203.34    35077.509   -557280.84    132.70307   0.53728552 
99000    224.57689   -27.018285    2920669.7   -522207.13    35076.324   -557283.46     133.1905   0.53669047 
