1000    224.25764    -5.616299      2919482   -522278.36    35026.462   -557304.82     80.64749   0.53690881 
2000    224.86266   -1.2971021      2919482   -522159.26    35120.959   -557280.22    80.834285   0.53690881 
3000    224.53274   0.31960097      2919482   -522194.79    35069.428   -557264.22    81.775347   0.53690881 
4000    224.49484    10.004031      2919482   -522276.31    35063.509   -557339.82    82.547549   0.53690881 
5000    224.68844    7.3420718      2919482    -522239.5    35093.746   -557333.25    83.011585   0.53690881 
6000    224.66558    17.459797      2919482   -522198.61    35090.176   -557288.78    83.552503   0.53690881 
7000     224.4807    4.3767499      2919482   -522297.92    35061.301   -557359.22    84.033946   0.53690881 
8000    224.53255    12.449509      2919482   -522299.95    35069.398   -557369.35     84.58462   0.53690881 
9000    224.03125   -3.3184407      2919482   -522330.63    34991.102   -557321.73    84.844956   0.53690881 
10000    224.16782   -8.8265799      2919482   -522275.81    35012.433   -557288.24    85.121192   0.53690881 
11000    224.39892    6.7958627      2919482   -522233.67    35048.527    -557282.2    85.625787   0.53690881 
12000    224.38441    9.6029195      2919482   -522306.27    35046.262   -557352.53    85.812369   0.53690881 
13000     224.7535   -10.863642      2919482   -522171.95    35103.909   -557275.85    86.400283   0.53690881 
14000    224.60636    3.8226906      2919482   -522214.82    35080.928   -557295.74    86.874901   0.53690881 
15000    224.08139   -2.0829153      2919482   -522272.85    34998.933   -557271.78    87.388528   0.53690881 
16000    224.24546    1.8192196      2919482   -522286.26    35024.558   -557310.82    88.228234   0.53690881 
17000    224.33675  -0.74892325      2919482   -522165.72    35038.818   -557204.54    88.532907   0.53690881 
18000    224.62521    5.3424189      2919482   -522279.44    35083.871   -557363.31    88.623425   0.53690881 
19000    224.06079    2.8683151      2919482   -522321.06    34995.715   -557316.77    89.555204   0.53690881 
20000     224.1371    3.0650475      2919482   -522297.03    35007.634   -557304.66     90.35891   0.53690881 
21000    224.36061    11.396678      2919482   -522309.81    35042.544   -557352.36    90.309132   0.53690881 
22000    224.65757    2.0647348      2919482   -522184.64    35088.926   -557273.56     91.05608   0.53690881 
23000    224.48663    3.9878898      2919482   -522209.66    35062.226   -557271.89    91.323945   0.53690881 
24000    224.45049   -6.0972502      2919482    -522312.4    35056.582   -557368.98    91.907591   0.53690881 
25000    224.34422    8.9525447      2919482   -522345.02    35039.984   -557385.01    92.033569   0.53690881 
26000    223.99795   -9.1409865      2919482   -522343.42      34985.9   -557329.32    92.709644   0.53690881 
27000    224.54879   -15.253866      2919482   -522252.73    35071.936   -557324.67    93.159751   0.53690881 
28000    224.26086    6.2958978      2919482   -522238.44    35026.965   -557265.41    93.162985   0.53690881 
29000    224.83418   -15.244325      2919482   -522127.78    35116.511   -557244.29    93.578195   0.53690881 
30000    224.91642    7.5021898      2919482   -522162.72    35129.355   -557292.08    94.671956   0.53690881 
31000    224.65051   -2.7592656      2919482   -522228.99    35087.822   -557316.81    94.989167   0.53690881 
32000    224.39927    -1.757744      2919482   -522251.28    35048.582   -557299.86    95.255964   0.53690881 
33000     224.6721   -19.544437      2919482   -522136.89    35091.195   -557228.09    95.795333   0.53690881 
34000    224.69776   -3.8094469      2919482   -522022.13    35095.203   -557117.33    96.379603   0.53690881 
35000    224.24679   -14.441899      2919482   -522232.66    35024.767   -557257.43    96.958321   0.53690881 
36000    224.23817    3.1410891      2919482   -522093.65     35023.42   -557117.07    97.556769   0.53690881 
37000    224.68134   -0.4911037      2919482   -522187.66    35092.638    -557280.3    98.853782   0.53690881 
38000    224.59571   -18.199371      2919482   -522187.45    35079.263   -557266.72    99.192869   0.53690881 
39000    224.71205   -3.0456739      2919482   -522081.18    35097.435   -557178.62    99.895874   0.53690881 
40000    224.47697  -0.19947784      2919482   -522127.08    35060.719    -557187.8    100.79899   0.53690881 
41000     224.9329    19.159136      2919482   -522223.09    35131.929   -557355.01    101.03482   0.53690881 
42000    224.15091    7.7020849      2919482   -522232.96    35009.792   -557242.75     101.7624   0.53690881 
43000    224.35623    1.9135322      2919482   -522313.19    35041.859   -557355.05    102.80609   0.53690881 
44000    224.58583   -11.591451      2919482    -522214.9     35077.72   -557292.62    103.29406   0.53690881 
45000    224.46669    1.2766203      2919482   -522196.19    35059.112    -557255.3    104.02233   0.53690881 
46000    224.60616    7.0686927      2919482   -522236.08    35080.897   -557316.97    104.20786   0.53690881 
47000    224.52778    4.9482675      2919482   -522290.07    35068.653   -557358.72    105.13999   0.53690881 
48000    224.50743    1.8102851      2919482   -522331.99    35065.476   -557397.47    105.60138   0.53690881 
49000    224.43716      7.27569      2919482   -522295.95      35054.5   -557350.45    105.87063   0.53690881 
50000    224.46988   -9.5668682      2919482   -522223.01    35059.611   -557282.62    106.56922   0.53690881 
51000    224.85783    2.6845059      2919482   -522247.74    35120.203   -557367.95    107.04773   0.53690881 
52000    224.56353   0.90639651      2919482   -522215.01    35074.237   -557289.24    107.33516   0.53690881 
53000    224.32992   -20.390476      2919482   -522289.74     35037.75   -557327.49    108.23285   0.53690881 
54000    224.42786   -4.7660315      2919482   -522318.99    35053.048   -557372.04    108.75762   0.53690881 
55000    224.41239    1.6346471      2919482   -522356.43    35050.631   -557407.06    109.18008   0.53690881 
56000    224.52111    10.714347      2919482   -522268.68    35067.611   -557336.29    109.78005   0.53690881 
57000    224.57306   -2.9287931      2919482   -522269.07    35075.726    -557344.8    110.39792   0.53690881 
58000     224.5492   -12.059386      2919482      -522308    35071.999      -557380     110.4548   0.53690881 
59000    224.81649   -1.0664987      2919482   -522188.23    35113.747   -557301.98    110.99164   0.53690881 
60000    224.61188   -1.8572724      2919482   -522357.59    35081.789   -557439.38    111.57616   0.53690881 
61000    224.78579    7.2408821      2919482   -522285.09    35108.952   -557394.04    112.30572   0.53690881 
62000    224.37904    6.7634849      2919482   -522325.38    35045.422    -557370.8    112.08906   0.53690881 
63000    224.37815   -5.1249687      2919482   -522370.09    35045.283   -557415.37    112.81153   0.53690881 
64000    224.50637    9.7229395      2919482   -522267.54     35065.31   -557332.85      113.273   0.53690881 
65000    224.90567    5.1992745      2919482   -522236.86    35127.676   -557364.53    113.96583   0.53690881 
66000    224.61011   -6.0589846      2919482   -522263.27    35081.513   -557344.78    114.74326   0.53690881 
67000    224.48653    1.4926055      2919482   -522318.54    35062.211   -557380.75    115.05113   0.53690881 
68000    224.19469    3.7540493      2919482   -522387.98    35016.629   -557404.61    115.37052   0.53690881 
69000    224.06927    11.316636      2919482   -522347.97    34997.039   -557345.01    115.91534   0.53690881 
70000    224.57608     13.11192      2919482   -522263.69    35076.197   -557339.89    116.67468   0.53690881 
71000    224.60555  -0.60544085      2919482   -522386.75    35080.801   -557467.55    116.86291   0.53690881 
72000    224.48604    5.9805037      2919482   -522236.63    35062.134   -557298.77     116.9518   0.53690881 
73000    224.38904   -13.256271      2919482   -522259.86    35046.984   -557306.85    118.21081   0.53690881 
74000    224.33482    8.2131141      2919482   -522360.62    35038.515   -557399.14    118.84921   0.53690881 
75000    224.24346    2.1014839      2919482   -522403.26    35024.247    -557427.5    119.11204   0.53690881 
76000    224.36412   -11.741083      2919482   -522290.07    35043.092   -557333.17    119.69769   0.53690881 
77000     224.3843    14.093351      2919482    -522299.2    35046.244   -557345.45    120.04514   0.53690881 
78000    224.38452   0.36350604      2919482   -522330.06    35046.278   -557376.34    120.59303   0.53690881 
79000    224.88476   -4.7857275      2919482   -522181.27     35124.41   -557305.68    120.73157   0.53690881 
80000    224.55358    1.4617149      2919482   -522380.58    35072.683   -557453.27    121.02156   0.53690881 
81000    224.30487    13.391764      2919482   -522335.07    35033.838   -557368.91    121.24909   0.53690881 
82000     224.6232    2.0710668      2919482   -522375.01    35083.558   -557458.57    121.99745   0.53690881 
83000    224.57177   -13.275438      2919482   -522311.58    35075.524    -557387.1    122.59242   0.53690881 
84000    224.67578    10.308578      2919482    -522336.8     35091.77   -557428.57    122.84038   0.53690881 
85000    224.36801   0.89327093      2919482   -522393.98    35043.699   -557437.68      123.102   0.53690881 
86000    224.78737   -1.9514005      2919482   -522436.03    35109.198   -557545.22    123.43582   0.53690881 
87000    224.66182  -0.32984476      2919482   -522339.88     35089.59   -557429.47    124.04159   0.53690881 
88000     224.6273   -3.9302198      2919482   -522293.24    35084.198   -557377.44    124.45268   0.53690881 
89000    224.39128   -2.1279824      2919482   -522323.56    35047.334    -557370.9    125.06802   0.53690881 
90000    224.68056   -11.076007      2919482   -522349.38    35092.516   -557441.89    125.28945   0.53690881 
91000    224.67421     3.373922      2919482      -522245    35091.524   -557336.53    125.80686   0.53690881 
92000    224.59248     3.459376      2919482   -522255.83    35078.759   -557334.58    126.49835   0.53690881 
93000    224.49614   -10.461834      2919482   -522417.43    35063.712   -557481.15    127.27974   0.53690881 
94000     224.6911    3.3354269      2919482   -522268.46    35094.162   -557362.63    127.87115   0.53690881 
95000    224.33186    12.051291      2919482   -522374.46    35038.053   -557412.51    128.19971   0.53690881 
96000    224.83021   -8.3931905      2919482   -522318.75     35115.89   -557434.64    128.75885   0.53690881 
97000    224.07933  -0.30679645      2919482   -522452.08     34998.61   -557450.69    129.70735   0.53690881 
98000    224.35567   -15.558344      2919482   -522371.43    35041.772    -557413.2    129.96556   0.53690881 
99000     224.6003   -3.7383749      2919482   -522313.16    35079.981   -557393.14    130.11087   0.53690881 
