800    10.915039     -35.7987    2070077.4    -39011.12    2755.2822   -41766.403   -189.35383   -141.36384   -1263.7259 
1800    10.694032   -46.633507    2070077.4   -39182.942    2699.4933   -41882.436    -373.0988   -202.64029   -1617.7565 
2800    10.517449   -42.272191    2070077.4   -39092.332    2654.9187    -41747.25      -286.77   -15.174665   -1725.7053 
3800    10.492126   -31.536251    2070077.4   -39148.042    2648.5263   -41796.568   -100.86683   -38.933038   -1244.9455 
4800     10.40925   -61.360167    2070077.4   -39214.824    2627.6058    -41842.43   -611.73831   -347.87499   -2003.6525 
5800     10.67377   -40.088923    2070077.4   -39124.611    2694.3787   -41818.989   -248.64621   -295.60324   -1203.9516 
6800    10.818906   -41.395981    2070077.4   -39193.631    2731.0153   -41924.647   -290.20354   -130.20725   -1512.4821 
7800    10.736808   -30.540428    2070077.4   -39148.957    2710.2914   -41859.249   -102.83999    140.74817   -1480.1688 
8800    10.923505   -47.866499    2070077.4   -39107.896    2757.4192   -41865.315   -394.98442   -157.73064   -1737.8629 
9800    10.599725   -47.014254    2070077.4   -39257.694    2675.6875   -41933.382   -385.72439     89.87844    -2083.529 
10800    10.845787   -61.427445    2070077.4   -39023.001    2737.8009   -41760.802   -604.54022    -94.42634   -2396.3485 
11800    10.469078   -42.417509    2070077.4    -39295.77    2642.7083   -41938.479   -298.38482    29.149199    -1799.907 
12800    10.537285   -31.718962    2070077.4    -39476.84    2659.9258   -42136.766   -117.45606     192.8185   -1609.0382 
13800    10.728123   -39.461296    2070077.4   -39243.013    2708.0991   -41951.112   -252.53074   -172.01437   -1368.1155 
14800     10.73707   -29.984282    2070077.4   -39246.485    2710.3576   -41956.842   -92.471746   -12.435801   -1221.4954 
15800    10.452378   -35.400295    2070077.4    -39234.12    2638.4927   -41872.613   -183.27599   -28.120629   -1421.4579 
16800    10.819123   -47.978923    2070077.4    -39229.16      2731.07    -41960.23    -390.9508   -154.89513   -1746.8768 
17800    10.562798   -53.960884    2070077.4   -39253.042     2666.366   -41919.408   -481.29958   -67.745804   -2128.4588 
18800    10.366084   -45.473014    2070077.4   -39299.442    2616.7094   -41916.152   -352.14588   -251.67546    -1494.303 
19800     10.57579   -32.033255    2070077.4    -39122.91    2669.6455   -41792.556   -123.05536    182.70577   -1606.4846 
20800    10.508632    -35.68259    2070077.4   -39280.275    2652.6929   -41932.968   -197.20274   -198.80505   -1170.5526 
21800    10.780125   -49.704084    2070077.4   -39163.657    2721.2259   -41884.883   -403.94953   -201.61397   -1746.3833 
22800    10.485974   -30.288873    2070077.4    -39293.94    2646.9733   -41940.913   -96.219812   -175.98505   -982.48955 
23800    10.655638   -41.255877    2070077.4   -39186.361    2689.8016   -41876.162   -268.08032   -104.91329    -1545.598 
24800     10.44553   -55.039058    2070077.4   -39254.725    2636.7642   -41891.489   -497.08387   -221.95022   -1935.8369 
25800     10.77282   -27.161228    2070077.4   -39274.913    2719.3818   -41994.295   -61.993935    35.972858   -1179.1622 
26800    10.873006   -54.819112    2070077.4   -39198.704    2744.6717   -41943.376    -499.0562   -232.49191   -1910.5188 
27800    10.819387    -46.11237    2070077.4   -39204.084    2731.1367   -41935.221   -366.58512    -79.29438   -1785.9527 
28800    10.399958   -38.262464    2070077.4    -39315.72    2625.2602    -41940.98   -223.19518    -36.09131   -1527.6205 
29800    10.430378   -45.158514    2070077.4   -39109.675    2632.9394   -41742.614   -331.83357   -84.173755   -1738.9795 
30800    10.673412   -41.084579    2070077.4   -39148.615    2694.2884   -41842.903   -266.23528   -19.930779   -1669.2498 
31800     10.75226   -53.109785    2070077.4   -39151.364    2714.1918   -41865.556   -483.21264   -219.05459   -1860.4662 
32800    10.579298     -30.7526    2070077.4   -39146.023    2670.5311   -41816.554   -106.90757    -7.977654   -1260.1438 
33800     10.64101   -42.287071    2070077.4    -39318.23    2686.1091   -42004.339   -292.44436    105.01068   -1911.2174 
34800    10.642425   -30.711521    2070077.4   -39278.684    2686.4663    -41965.15   -113.00808     118.5056   -1453.0294 
35800    10.794033   -41.894144    2070077.4   -39109.307    2724.7366   -41834.044     -283.135   -34.131994   -1680.8988 
36800    10.495813   -54.252142    2070077.4   -39310.615    2649.4571   -41960.072   -488.71064   -128.48909   -2047.0607 
37800    10.723509   -66.381343    2070077.4   -39264.778    2706.9343   -41971.712   -676.34184   -635.14815   -1769.4594 
38800    10.376121    -31.91388    2070077.4   -39396.911    2619.2432   -42016.155   -134.62659   -80.485612   -1196.6446 
39800    10.737657   -49.212613    2070077.4   -39273.929    2710.5056   -41984.434   -411.93535   -163.41501   -1784.8146 
40800    10.719177   -44.679836    2070077.4   -39267.758    2705.8408   -41973.599   -342.21273   -172.84849   -1582.7541 
41800    10.703675    -19.54282    2070077.4   -39265.275    2701.9277   -41967.203    75.315347   -109.92968   -639.48317 
42800    10.672854   -23.263489    2070077.4    -39221.99    2694.1474   -41916.137    11.587189   -63.997643   -864.09236 
43800    10.560124   -24.462387    2070077.4   -39158.188     2665.691   -41823.879   -9.3063114     54.41659   -1095.8695 
44800    10.586109   -42.457385    2070077.4       -39243    2672.2505   -41915.251   -302.42537   -59.058794   -1665.8553 
45800     10.47503   -37.162555    2070077.4   -39215.637    2644.2108   -41859.847   -194.38923   -51.379228   -1458.5914 
46800    10.373202   -60.300723    2070077.4   -39350.502    2618.5064   -41969.009   -586.62944   -137.41521   -2283.5941 
47800     10.78717    -44.02525    2070077.4   -39157.497    2723.0043   -41880.502   -330.84385   -50.210968   -1744.3389 
48800    10.625204   -67.131571    2070077.4   -39250.587    2682.1193   -41932.706   -696.76868   -200.31149   -2469.4653 
49800    10.508474   -47.476293    2070077.4   -39221.573     2652.653   -41874.226   -390.28847   -206.15031   -1647.2277 
50800    10.760147   -45.882899    2070077.4   -39194.854    2716.1829   -41911.037   -357.51577   -260.58583   -1497.5544 
51800     10.63679   -57.541272    2070077.4   -39275.154    2685.0439   -41960.198   -547.81164     10.69207   -2397.2716 
52800    10.435088   -45.730483    2070077.4   -39336.169    2634.1281   -41970.297   -352.62438   -18.384057   -1863.8579 
53800    10.644908   -29.619073    2070077.4    -39249.69    2687.0932   -41936.783   -100.08572   -23.857239   -1188.8135 
54800    10.337546   -49.727098    2070077.4    -39270.74    2609.5056   -41880.246   -412.51673   -251.34241    -1670.832 
55800    10.986568   -46.012416    2070077.4    -39190.86    2773.3383   -41964.198   -346.65069    -262.3575   -1500.1877 
56800    10.469267   -28.541793    2070077.4   -39363.467    2642.7559   -42006.223   -88.504583    199.65648   -1488.0997 
57800    10.572934   -36.097244    2070077.4   -39265.608    2668.9247   -41934.533   -199.37756    17.758084   -1520.8759 
58800    10.666351   -22.123566    2070077.4    -39302.67    2692.5059   -41995.176    37.694928    -8.210679   -902.75116 
59800     10.63358   -46.270229    2070077.4   -39110.109    2684.2336   -41794.343     -358.365    143.76389   -2135.6432 
60800    10.527454   -59.987032    2070077.4   -39207.711    2657.4441   -41865.155   -579.63889   -42.893063   -2416.0303 
61800    10.453116   -62.248196    2070077.4   -39240.463    2638.6789   -41879.142   -637.26769   -267.43517   -2164.1463 
62800    10.454454   -74.712718    2070077.4   -39317.056    2639.0168   -41956.073   -823.02194   -393.91477   -2485.2976 
63800    10.505486    -45.58334    2070077.4   -39294.033    2651.8988   -41945.931   -350.19031    -94.87597   -1740.0925 
64800    10.624446   -30.025096    2070077.4   -39207.147    2681.9278   -41889.075   -93.294176    124.51402   -1433.8715 
65800    10.336701   -34.770414    2070077.4   -39259.631    2609.2925   -41868.924   -179.04317    148.06432   -1666.4437 
66800    10.527318   -45.822733    2070077.4   -39140.754    2657.4098   -41798.164   -350.29122   -284.55968    -1458.183 
67800    10.609446    -48.72501    2070077.4   -39227.885    2678.1414   -41906.026   -395.82521   -33.689389    -1964.213 
68800     10.49632   -30.862967    2070077.4   -39341.144    2649.5851   -41990.729   -127.77685    12.193497   -1295.7422 
69800    10.647994   -49.125143    2070077.4       -39278     2687.872   -41965.872   -406.07675    -158.2681   -1789.1136 
70800    10.558515    -49.72981    2070077.4   -39248.673    2665.2849   -41913.958   -414.89022   -93.475731   -1913.8106 
71800    10.600346   -40.945676    2070077.4   -39233.855    2675.8443   -41909.699    -262.6575   -131.30685   -1492.1586 
72800    10.575165   -31.218075    2070077.4   -39155.546    2669.4878   -41825.034   -119.70408   -49.743601   -1215.1494 
73800    10.704188   -35.045314    2070077.4    -39142.75    2702.0571   -41844.807   -166.10195   -265.09397    -1042.204 
74800    10.481929   -41.267167    2070077.4   -39197.838    2645.9522    -41843.79   -272.72419    225.24289   -2053.9864 
75800     10.54623   -51.747704    2070077.4    -39189.77    2662.1837   -41851.954   -449.07253    -262.1818   -1737.7608 
76800    10.690078   -45.848448    2070077.4   -39153.544    2698.4954   -41852.039   -367.23611   -8.3799796   -1884.1294 
77800     10.79064   -33.593793    2070077.4   -39157.776    2723.8803   -41881.656   -158.96563    178.66076   -1664.8304 
78800    10.552025    -44.20999    2070077.4   -39200.862    2663.6466   -41864.508   -319.29567   -57.744684   -1740.3927 
79800    10.708603   -54.376295    2070077.4   -39242.755    2703.1716   -41945.927   -492.42987   -317.11626   -1762.0085 
80800    10.626955   -36.934146    2070077.4   -39157.778    2682.5612   -41840.339   -225.32194   -11.282757   -1510.8263 
81800    10.537841    -43.73614    2070077.4     -39191.9     2660.066   -41851.966    -320.0244    119.73225    -1993.822 
82800     10.61066   -39.111281    2070077.4   -39187.839    2678.4479   -41866.287   -233.72192    68.405073   -1723.5011 
83800    10.694567   -29.706863    2070077.4   -39198.385    2699.6285   -41898.014   -91.118344    21.500928   -1262.2262 
84800    10.582262   -37.698419    2070077.4   -39208.935    2671.2793   -41880.214   -206.16715    219.85029   -1898.0301 
85800    10.743239   -49.738075    2070077.4   -39254.408    2711.9146   -41966.323   -412.62305   -174.10372   -1790.1123 
86800      10.8439   -67.619573    2070077.4   -39171.809    2737.3245   -41909.134   -700.77163   -207.45088   -2478.6734 
87800    10.543031   -35.598435    2070077.4   -39340.974    2661.3762    -42002.35   -174.26828   -84.888284   -1342.3233 
88800    10.678815   -41.872367    2070077.4   -39200.746    2695.6521   -41896.399   -275.35619   -246.16649   -1353.7981 
89800    10.567959   -39.292697    2070077.4     -39243.4    2667.6687   -41911.069   -249.47443    90.472128   -1764.9559 
90800    10.926963   -39.540346    2070077.4   -39096.035    2758.2923   -41854.327   -251.46343   -106.79111   -1471.7275 
91800    10.965343   -44.401962    2070077.4   -39115.415    2767.9803   -41883.395   -325.21831    -195.2297    -1536.825 
92800    10.901021   -28.722944    2070077.4   -39139.912    2751.7435   -41891.656   -80.286143   -94.018749    -1043.797 
93800    10.729968   -57.151607    2070077.4   -39210.939    2708.5648   -41919.503   -526.52194    -220.8858   -2024.8831 
94800     10.74037   -53.969645    2070077.4   -39179.626    2711.1906   -41890.817   -482.69974   -265.16298   -1825.1093 
95800    10.601924   -18.912901    2070077.4   -39180.323    2676.2425   -41856.565    86.723623    378.98929    -1365.586 
96800    10.434499    -57.73484    2070077.4   -39305.956    2633.9794   -41939.935   -535.98377   -415.11308   -1750.2104 
97800    10.648047   -61.778674    2070077.4   -39253.175    2687.8855    -41941.06   -617.73285   -338.70553   -2035.0751 
98800    10.906026   -42.472333    2070077.4   -39184.226    2753.0071   -41937.233   -293.13481   -113.94711   -1582.0322 
99800    10.537342   -47.350232    2070077.4   -39329.215    2659.9401   -41989.155   -373.15521   -203.51181   -1646.0709 
