0.098	239.976	0.147233
0.296	239.926	0.142942
0.496	239.876	0.146019
0.696	239.826	0.137481
0.896	239.776	0.147656
1.096	239.726	0.141565
1.296	239.676	0.144309
1.496	239.626	0.150256
1.696	239.576	0.150058
1.896	239.526	0.143653
2.096	239.476	0.139145
2.296	239.426	0.144121
2.496	239.376	0.144561
2.696	239.326	0.146262
2.896	239.276	0.143887
3.096	239.226	0.144579
3.296	239.176	0.149159
3.496	239.126	0.145389
3.696	239.076	0.144094
3.896	239.026	0.147009
4.096	238.976	0.14233
4.296	238.926	0.145191
4.496	238.876	0.149978
4.696	238.826	0.147863
4.896	238.776	0.145407
5.096	238.726	0.148583
5.296	238.676	0.149897
5.496	238.626	0.147179
5.696	238.576	0.145893
5.896	238.526	0.145389
6.096	238.476	0.149501
6.296	238.426	0.14789
6.496	238.376	0.146172
6.696	238.326	0.147179
6.896	238.276	0.148916
7.096	238.226	0.148673
7.296	238.176	0.15013
7.496	238.126	0.148349
7.696	238.076	0.146829
7.896	238.026	0.144912
8.096	237.976	0.147575
8.296	237.926	0.144786
8.496	237.876	0.14924
8.696	237.826	0.148943
8.896	237.776	0.146451
9.096	237.726	0.147656
9.296	237.676	0.145803
9.496	237.626	0.150049
9.696	237.576	0.153073
9.896	237.526	0.147476
10.096	237.476	0.155079
10.296	237.426	0.148997
10.496	237.376	0.144031
10.696	237.326	0.148448
10.896	237.276	0.146919
11.096	237.226	0.149177
11.296	237.176	0.150112
11.496	237.126	0.145956
11.696	237.076	0.149546
11.896	237.026	0.145065
12.096	236.976	0.150841
12.296	236.926	0.151579
12.496	236.876	0.147242
12.696	236.826	0.1496
12.896	236.776	0.150967
13.096	236.726	0.148943
13.296	236.676	0.149366
13.496	236.626	0.151444
13.696	236.576	0.147341
13.896	236.526	0.14995
14.096	236.476	0.15256
14.296	236.426	0.153009
14.496	236.376	0.147773
14.696	236.326	0.151777
14.896	236.276	0.148493
15.096	236.226	0.148952
15.296	236.176	0.150697
15.496	236.126	0.151426
15.696	236.076	0.154989
15.896	236.026	0.1513
16.096	235.976	0.147108
16.296	235.926	0.151075
16.496	235.876	0.152811
16.696	235.826	0.154143
16.896	235.776	0.14861
17.096	235.726	0.151723
17.296	235.676	0.157886
17.496	235.626	0.153108
17.696	235.576	0.152245
17.896	235.526	0.152101
18.096	235.476	0.156743
18.296	235.426	0.146613
18.496	235.376	0.149663
18.696	235.326	0.149501
18.896	235.276	0.150688
19.096	235.226	0.156986
19.296	235.176	0.155502
19.496	235.126	0.158695
19.696	235.076	0.154089
19.896	235.026	0.156572
20.096	234.976	0.153765
20.296	234.926	0.156095
20.496	234.876	0.147656
20.696	234.826	0.155816
20.896	234.776	0.150841
21.096	234.726	0.158048
21.296	234.676	0.153522
21.496	234.626	0.161098
21.696	234.576	0.152821
21.896	234.526	0.14789
22.096	234.476	0.152821
22.296	234.426	0.156239
22.496	234.376	0.165371
22.696	234.326	0.153216
22.896	234.276	0.150877
23.096	234.226	0.160369
23.296	234.176	0.170292
23.496	234.126	0.17013
23.696	234.076	0.169744
23.896	234.026	0.169312
24.096	233.976	0.193765
24.296	233.926	0.227953
24.496	233.876	0.289888
24.696	233.826	0.38395
24.896	233.776	0.468358
25.096	233.726	0.555205
25.296	233.676	0.571246
25.496	233.626	0.589186
25.696	233.576	0.592074
25.896	233.526	0.590031
26.096	233.476	0.615052
26.296	233.426	0.617733
26.496	233.376	0.614323
26.696	233.326	0.616977
26.896	233.276	0.614872
27.096	233.226	0.611678
27.296	233.176	0.615241
27.496	233.126	0.616023
27.696	233.076	0.615906
27.896	233.026	0.614575
28.096	232.976	0.613324
28.296	232.926	0.615673
28.496	232.876	0.617661
28.696	232.826	0.615052
28.896	232.776	0.614071
29.096	232.726	0.616041
29.296	232.676	0.622105
29.496	232.626	0.619442
29.696	232.576	0.615987
29.896	232.526	0.614134
30.096	232.476	0.612794
30.296	232.426	0.61561
30.496	232.376	0.615331
30.696	232.326	0.614503
30.896	232.276	0.617256
31.096	232.226	0.619208
31.296	232.176	0.621197
31.496	232.126	0.620396
31.696	232.076	0.617382
31.896	232.026	0.617895
32.096	231.976	0.619055
32.296	231.926	0.618938
32.496	231.876	0.617904
32.696	231.826	0.618435
32.896	231.776	0.61955
33.096	231.726	0.615628
33.296	231.676	0.615592
33.496	231.626	0.613936
33.696	231.576	0.610886
33.896	231.526	0.613981
34.096	231.476	0.613072
34.296	231.426	0.622519
34.496	231.376	0.622501
34.696	231.326	0.618866
34.896	231.276	0.615583
35.096	231.226	0.61677
35.296	231.176	0.61238
35.496	231.126	0.612901
35.696	231.076	0.614251
35.896	231.026	0.616293
36.096	230.976	0.614413
36.296	230.926	0.61543
36.496	230.876	0.613963
36.696	230.826	0.61561
36.896	230.776	0.615061
37.096	230.726	0.612614
37.296	230.676	0.615169
37.496	230.626	0.614872
37.696	230.576	0.614881
37.896	230.526	0.618956
38.096	230.476	0.619856
38.296	230.426	0.618363
38.496	230.376	0.614107
38.696	230.326	0.620648
38.896	230.276	0.617436
39.096	230.226	0.618525
39.296	230.176	0.61668
39.496	230.126	0.613639
39.696	230.076	0.611498
39.896	230.026	0.613585
40.096	229.976	0.6113
40.296	229.926	0.615088
40.496	229.876	0.615672
40.696	229.826	0.613639
40.896	229.776	0.617031
41.096	229.726	0.615259
41.296	229.676	0.616149
41.496	229.626	0.619307
41.696	229.576	0.613459
41.896	229.526	0.618363
42.096	229.476	0.61821
42.296	229.426	0.618309
42.496	229.376	0.619739
42.696	229.326	0.62036
42.896	229.276	0.620351
43.096	229.226	0.621242
43.296	229.176	0.620792
43.496	229.126	0.622465
43.696	229.076	0.62081
43.896	229.026	0.618884
44.096	228.976	0.619406
44.296	228.926	0.616599
44.496	228.876	0.620936
44.696	228.826	0.62215
44.896	228.776	0.61883
45.096	228.726	0.615052
45.296	228.676	0.61525
45.496	228.626	0.615735
45.696	228.576	0.618093
45.896	228.526	0.619415
46.096	228.476	0.622258
46.296	228.426	0.617427
46.496	228.376	0.616068
46.696	228.326	0.613594
46.896	228.276	0.617841
47.096	228.226	0.6174
47.296	228.176	0.615798
47.496	228.126	0.620675
47.696	228.076	0.622771
47.896	228.026	0.620018
48.096	227.976	0.622663
48.296	227.926	0.621745
48.496	227.876	0.621754
48.696	227.826	0.618614
48.896	227.776	0.618723
49.096	227.726	0.620045
49.296	227.676	0.621368
49.496	227.626	0.622276
49.696	227.576	0.623527
49.896	227.526	0.622114
50.096	227.476	0.620423
50.296	227.426	0.620378
50.496	227.376	0.622537
50.696	227.326	0.621215
50.896	227.276	0.621817
51.096	227.226	0.62386
51.296	227.176	0.622879
51.496	227.126	0.624121
51.696	227.076	0.620756
51.896	227.026	0.622825
